-0.0721708	0.0609908
-0.0362147	0.104027
-0.127969	0.150992
-0.162152	0.0477252
-0.159175	0.110066
-0.158239	0.0694271
-0.251597	0.0541306
-0.158547	0.0372257
-0.141195	-0.0030095
-0.0283661	0.150083
-0.0744274	0.256083
-0.233118	0.27358
-0.405218	0.0904334
-0.253683	0.0404683
-0.0859184	0.137756
0.320577	0.191278
0.646582	0.206615
0.668616	0.173747
0.502678	0.0328735
0.449055	-0.0306753
0.445706	0.166019
0.492626	0.282801
0.63172	0.0747443
0.728885	0.0717934
0.750188	0.182548
0.745904	0.241809
0.78602	0.287788
0.78572	0.273833
0.725247	0.256595
0.66183	0.250627
0.569788	0.238547
0.482776	0.212244
0.467352	0.241498
0.365717	0.323907
0.3161	0.383709
0.360486	0.219611
0.283785	0.0960258
-0.0521909	0.0794464
-0.303616	0.185765
-0.15471	0.356713
-0.0593337	0.284667
-0.0271718	0.342384
0.021846	0.46284
0.123796	0.393127
0.173365	0.236984
0.121451	0.0725001
0.208117	0.155715
0.043717	0.416615
0.0609642	0.459051
0.0809305	0.595634
0.108584	0.65772
0.0401292	0.342986
0.134049	0.146711
0.309947	0.00800853
0.307561	0.167349
0.276225	0.271298
0.195211	0.359488
0.171613	0.45006
0.412733	0.398661
0.73677	0.2704
0.738643	0.21416
0.47043	0.350476
0.322709	0.366645
0.459555	0.287636
0.429613	0.329008
0.367008	0.339368
0.521495	0.168349
0.446604	0.141639
0.167635	0.265811
0.166651	0.20877
0.182994	0.128312
0.0807216	0.275934
0.156979	0.296897
0.127692	0.322381
0.06675	0.349751
0.191921	0.423343
0.357052	0.330831
0.36476	0.366344
0.389897	0.281777
0.391167	0.280893
0.362722	0.296176
0.447525	0.373671
0.489943	0.382169
0.568656	0.312953
0.587529	0.209382
0.397338	0.184671
0.247316	0.246043
0.358112	0.226799
0.432389	0.258516
0.45533	0.308035
0.592423	0.305895
0.599251	0.195471
0.663488	0.159708
0.771437	0.283231
0.855415	0.36059
0.75304	0.347413
0.413483	0.341962
0.187239	0.179608
0.239328	0.244554
0.382029	0.328184
0.225428	0.246055
-0.0822644	0.436389
-0.0256962	0.415123
-0.0511988	0.282455
0.0380134	0.305103
0.333879	0.439321
0.415244	0.237359
0.329914	0.299569
0.133238	0.415277
0.082413	0.431416
0.223635	0.442375
0.487862	0.287405
0.687036	0.181951
0.757806	0.265003
0.611206	0.49182
0.566272	0.434293
0.482447	0.177851
0.130434	0.0365372
0.117355	0.135921
0.216086	0.124507
0.216586	0.214115
0.355509	0.160944
0.429457	-0.0329037
0.632675	-0.186937
0.164171	-0.248366
-0.201099	-0.183817
-0.268191	-0.0359023
-0.407304	0.205541
-0.406807	0.329964
-0.221722	0.188124
-0.151725	0.135652
-0.128566	0.174751
-0.114095	0.176261
-0.196985	0.18435
-0.114277	0.214467
-0.0416946	0.169699
0.108286	0.180313
0.058279	0.29224
0.082671	0.372059
0.118735	0.460794
0.229092	0.475238
0.42288	0.341139
0.389969	0.340505
0.165273	0.331366
0.0698662	0.213009
0.0893134	0.265724
0.0399649	0.307614
0.0545586	0.230033
0.0241678	0.390613
0.00829998	0.225706
-0.070366	0.156537
-0.0971023	0.202842
-0.023488	-0.00989122
0.010607	-0.0465273
0.00225682	-0.217389
0.160757	-0.258824
0.124926	-0.129139
0.16648	-0.186817
0.155657	-0.328384
0.175957	-0.22496
0.429371	-0.149311
0.605131	0.0575034
0.574897	0.167827
0.438806	0.112884
0.316315	0.185319
0.272127	0.249739
0.457732	0.23569
0.235258	0.123706
-0.0242013	0.111463
0.159165	0.202971
0.268543	0.128892
0.166748	0.202415
0.258806	0.432486
0.266771	0.391728
0.555604	0.317685
0.778765	0.136137
0.594543	0.219409
0.449883	0.140653
0.351625	-0.0142612
0.290958	-0.0210978
0.376067	-0.151471
0.216674	-0.205343
0.138602	-0.312308
0.157689	-0.390927
0.109354	-0.226475
0.145441	-0.238434
-0.0815299	-0.262475
-0.0585229	-0.225276
0.0613382	-0.315834
0.194745	-0.338441
0.24171	-0.129596
0.265696	0.0260726
0.236223	-0.10575
-0.0482597	0.0185183
-0.147587	-0.0355033
-0.117015	-0.0137969
-0.161888	0.157871
-0.215893	0.20442
-0.287033	0.237045
-0.143284	0.257335
-0.00748819	-0.0573579
-0.0809919	0.000111634
-0.136543	0.114879
-0.0659063	0.023586
-0.182247	0.016972
0.034109	0.22974
-0.101321	0.273993
-0.229834	0.221963
-0.272138	0.194577
-0.349195	0.162257
-0.106917	0.237338
-0.157301	0.306031
-0.325035	0.312927
-0.422424	0.189928
-0.300739	0.249399
-0.263569	0.214674
-0.171	0.0648064
-0.0915658	0.0916608
0.0954849	0.403217
0.170236	0.440735
0.0792615	0.292016
0.130226	0.292131
0.252656	0.203148
0.161471	0.00847339
0.147577	-0.0284598
0.104716	0.158621
-0.00709684	0.0965003
0.048714	0.0853197
0.26364	0.135526
0.242036	0.178445
0.179331	0.391633
0.207176	0.218878
0.234387	0.143159
0.213438	0.187538
0.304	0.244189
0.491733	0.250783
0.534131	0.307154
0.334041	0.396407
0.315761	0.438569
0.333449	0.403684
0.313294	0.390232
0.278285	0.378231
0.0927777	0.335535
-0.0163137	0.437095
0.0167704	0.233879
0.18283	0.11541
0.165255	0.0179775
0.211954	0.0627248
0.295319	0.0472143
0.265237	-0.0274501
0.376867	-0.061823
0.443762	-0.0350489
0.244598	-0.0107826
0.224371	-0.120792
0.204463	-0.0444636
0.149371	0.0648892
0.0689355	0.0796249
0.0786225	0.0832335
0.246399	0.0869722
0.196	-0.0289905
0.0828603	-0.0274484
0.103807	0.0117753
-0.083613	0.108635
-0.138305	0.100798
-0.135899	0.220116
-0.0841158	0.244927
-0.0153459	0.152207
0.0920914	0.238658
0.014226	0.266739
-0.0549143	0.229412
-0.148952	0.173978
-0.136402	0.0953778
-0.137479	0.0100498
0.0195069	0.00449155
0.081877	-0.155401
0.0910838	0.016988
0.20559	0.15366
0.278311	0.171846
0.220732	0.238456
0.217544	0.367554
0.134142	0.45306
0.153187	0.419569
0.178735	0.434409
0.138761	0.374507
0.183376	0.170883
0.163152	0.185085
0.0693671	0.310181
0.100972	0.244589
0.12554	0.146958
0.209143	0.264031
0.383042	0.283055
0.491489	0.353611
0.457129	0.344408
0.474589	0.319514
0.594444	0.305604
0.655707	0.298695
0.59115	0.313237
0.634121	0.379354
0.249859	0.251967
0.156462	0.213169
0.000645517	0.258921
-0.152781	0.461617
-0.117302	0.545017
0.0459948	0.371302
0.201427	0.237365
0.159965	0.256723
0.204101	0.206539
0.218428	0.101138
0.385097	0.194353
0.612539	0.155613
0.522245	0.137121
0.383656	0.142952
0.327931	0.268823
0.373653	0.224929
0.309028	0.172794
0.106033	0.321243
0.276304	0.245461
0.344541	0.160918
0.252629	0.122307
0.347144	0.0718611
0.493903	0.126724
0.404964	0.180353
0.44771	0.329929
0.5949	0.215729
0.367894	0.206412
0.129528	0.317453
0.0176777	0.213514
-0.0566531	0.095722
0.0562947	0.128314
0.326773	0.280199
0.250112	0.276093
0.0929845	0.324829
0.259421	0.201755
0.315092	0.279781
0.251065	0.317202
0.37044	0.2282
0.380976	0.154026
0.330393	0.0221452
0.296613	-0.0455201
0.271692	-0.137131
0.126789	-0.137146
-0.0461192	0.0742071
-0.123536	0.151174
0.213911	0.0270343
0.404819	0.239259
0.305117	0.365528
0.424811	0.198036
0.434603	0.248207
0.24774	0.290786
0.341178	0.333458
0.495098	0.271835
0.549401	0.314428
0.322587	0.417449
0.0455771	0.393054
-0.229573	0.171477
-0.219096	0.196826
-0.209223	0.256313
-0.093031	0.0803648
0.101047	0.0290183
0.127193	0.177775
-0.0164155	0.24621
0.0601381	0.143158
0.299087	0.190265
0.199539	0.0755365
0.153479	0.0892441
0.283745	0.214958
0.230173	0.277888
0.392048	0.315827
0.600734	0.243684
0.520701	0.335638
0.658368	0.189217
0.701605	0.227013
0.513469	0.278975
0.434744	0.469707
0.387041	0.504356
0.518656	0.475932
0.613055	0.367831
0.534163	0.396669
0.475104	0.444135
0.640431	0.412977
0.536986	0.43856
0.548366	0.422375
0.639909	0.325908
0.479641	0.299707
0.277173	0.29359
-0.0066945	-0.0173859
-0.115279	-0.0424547
-0.218178	-0.103507
0.0117844	-0.0730225
0.359276	0.109757
0.36655	0.0789667
0.464515	0.00738375
0.454055	-0.122534
0.202767	-0.0596175
0.206194	0.0766835
0.261541	0.325511
0.40643	0.354301
0.629682	0.145355
0.477598	0.0540031
0.352954	0.136083
0.25198	0.20326
0.00823569	0.31045
0.0447317	0.297662
-0.0755489	0.313741
0.0157708	0.134993
0.145368	0.181603
0.24384	0.167487
0.249459	0.0231963
0.081149	0.0607846
-0.00973076	-0.0802844
-0.0318146	-0.170836
0.0218312	-0.092256
0.139235	-0.0766603
0.0434598	-0.193477
0.117575	-0.127531
0.309836	0.0340335
0.385603	0.16265
0.440262	0.143538
0.496942	0.133238
0.505857	0.215852
0.508831	0.217751
0.535797	0.229329
0.631615	0.259826
0.671597	0.380954
0.70861	0.464844
0.733206	0.491397
0.57136	0.391904
0.624763	0.340115
0.868309	0.406964
0.611335	0.533935
-0.185506	0.126115
-0.367681	0.094568
-0.54548	0.0419401
-0.439797	0.165752
-0.320781	0.196901
-0.390567	0.0960766
-0.465912	0.05802
-0.28422	0.10148
-0.0857692	0.0836831
0.00696329	-0.0672832
-0.0963194	0.0417846
-0.0216369	0.351072
0.0816339	0.310557
0.0520551	0.122984
0.302226	0.157723
0.385671	0.144561
0.409926	0.207176
0.362273	0.29133
0.146157	0.438674
0.0932779	0.270867
0.0391212	0.148133
0.118771	0.338189
0.101223	0.40455
-0.232738	0.209554
-0.228604	0.0263552
-0.229393	-0.111472
-0.14719	-0.0841452
-0.0853696	0.0183058
-0.191038	0.00678879
-0.113632	0.210892
-0.126002	0.138736
0.182969	0.0246943
0.374608	0.0322479
0.203104	0.0383891
0.0376655	0.115996
0.295229	0.126103
0.335605	0.0800968
0.508794	0.0659953
0.471705	0.309646
0.212003	0.336842
-0.000281357	0.422567
0.215081	0.381305
0.258738	0.457906
0.0721354	0.440284
0.0615624	0.408537
0.347068	0.468966
0.608376	0.194998
0.445152	0.193712
0.265027	0.394729
0.231839	0.398712
0.285926	0.189822
0.185918	0.252573
0.100237	0.320942
0.163094	0.174255
0.298763	0.158461
0.377017	0.300891
0.343819	0.205805
0.273707	0.0953454
0.233174	0.0379732
0.144933	0.0641495
0.169131	0.0315515
0.297969	0.101586
0.541831	0.00132011
0.564336	-0.0553775
0.519067	-0.0296216
0.355988	0.153705
0.228862	0.179584
-0.00461375	0.123714
0.23629	0.083293
0.507915	0.26329
0.57881	0.280882
0.493975	0.144377
0.468234	0.144134
0.489885	0.168658
0.354049	0.101344
0.534431	0.0664472
0.555665	0.109958
0.537865	0.0528142
0.433426	0.205843
0.184027	0.232615
-0.0772274	0.15733
-0.277689	0.0571444
-0.231533	-0.0225897
-0.38939	0.108897
-0.412163	0.227388
-0.375662	0.356411
-0.50066	0.313681
-0.42734	0.461318
-0.104997	0.747605
0.110781	0.402957
0.40026	0.0988802
0.333514	0.222639
0.231104	0.229712
0.403818	0.227606
0.528296	0.22363
0.349607	0.3396
0.496431	0.233
0.6292	0.21029
0.631134	0.198031
0.683026	0.1974
0.653887	0.13756
0.699428	0.14951
0.504241	0.236544
0.378473	0.191785
0.351138	0.135681
0.341144	0.0866827
0.377237	0.116122
0.22999	0.20152
0.101403	0.0828225
0.173621	0.267841
0.303707	0.358894
0.325077	0.221388
0.100991	0.0364781
0.129224	-0.0788528
0.208508	-0.0283266
0.229417	0.0734022
0.169136	0.207596
0.136289	0.274482
0.150322	0.413027
0.175583	0.43808
0.145311	0.574136
0.285239	0.388525
0.300162	0.419172
0.171231	0.493518
0.169775	0.494698
0.295032	0.567278
0.365745	0.635954
0.442258	0.687786
0.523475	0.539045
0.442576	0.364912
0.532164	0.336045
0.422367	0.393839
0.315598	0.368543
0.349553	0.436932
0.289177	0.497818
0.108577	0.238433
0.0490068	0.0366993
0.182773	0.0560851
0.334712	-0.128445
0.420258	-0.0751241
0.430061	-0.154345
0.504368	-0.368004
0.357585	-0.149509
0.326225	0.0561677
0.0614923	0.158564
-0.172214	0.113833
-0.0566015	0.190528
0.220954	0.0958377
0.0468334	0.192489
0.097234	0.0825402
0.108639	-0.0375457
0.0854206	-0.0978679
0.105979	-0.16056
0.165304	-0.0739564
0.145196	-0.0465769
0.307638	-0.0649817
0.156045	-0.128248
0.209848	-0.262813
0.366708	-0.368755
0.358196	-0.0560349
0.496868	0.199026
0.634317	0.258422
0.742226	0.258487
0.678646	0.250948
0.304879	0.383309
0.179034	0.277142
0.0931451	0.243657
-0.0157805	0.160726
-0.160893	0.13395
-0.196641	0.132957
-0.153243	-0.0397594
-0.289716	0.0734939
-0.305578	0.185696
-0.247606	0.109943
-0.395801	0.144596
-0.176949	0.044405
-0.285506	0.0963867
-0.308934	0.0659877
-0.396986	0.040913
-0.378576	-0.0428169
-0.341507	0.0948688
-0.191208	0.0812253
-0.178503	0.00512865
-0.066066	0.0977925
0.284008	0.327428
0.577346	0.369534
0.529617	0.456853
0.572981	0.448091
0.607173	0.44978
0.722671	0.403827
0.626818	0.480898
0.336391	0.473852
0.28883	0.401442
0.478061	0.420852
0.618979	0.318085
0.43155	0.351522
0.469725	0.32883
0.451538	0.358117
0.392979	0.302689
0.162477	0.357478
0.00297716	0.272773
0.113702	0.161114
-0.0947023	0.306338
-0.136486	0.376463
0.076859	0.365319
0.0150786	0.435419
-0.00843112	0.237601
0.0630334	0.210139
0.00143333	0.239497
-0.104479	0.319918
0.219604	0.35337
0.276697	0.243488
0.131443	0.246304
0.0887806	0.342603
0.138084	0.55336
0.145705	0.596194
0.0925484	0.46687
0.137393	0.359985
0.393526	0.316648
0.509496	0.215502
0.442474	0.187169
0.340175	0.25681
0.222078	0.429718
0.388303	0.469476
0.528996	0.28976
0.54668	0.232168
0.574561	0.281215
0.684452	0.382728
0.676809	0.378655
0.752271	0.265811
0.800244	0.2355
0.820009	0.132862
0.422458	0.0813192
0.0431033	0.118337
-0.0149557	0.377543
0.0473098	0.542497
0.293266	0.436777
0.351155	0.295322
0.234822	0.241269
0.271521	0.244249
0.268159	0.376318
0.115303	0.174999
0.0900316	-0.0100729
0.0868196	0.083675
0.132408	0.0859164
0.0377811	0.00978443
0.0687906	0.000423314
0.326001	0.0418217
0.194489	0.114898
0.0364324	0.16345
-0.095767	0.147067
-0.160584	0.186469
-0.357113	0.379234
-0.367242	0.299919
-0.281952	0.172915
-0.27517	0.217521
-0.282362	0.265277
0.121854	0.4133
0.466903	0.153786
0.226377	0.0885567
0.180417	0.301423
0.134746	0.496603
0.300868	0.563855
0.582593	0.476057
0.396718	0.322811
0.0478434	0.26154
-0.0443766	0.296092
-0.100646	0.287932
-0.0222162	0.441577
-0.00793315	0.386643
0.0168201	0.308562
0.0371488	0.103149
0.0373134	-0.0377519
0.145661	-0.164917
0.293932	0.0229372
0.418373	0.162546
0.462614	0.140779
0.521634	0.19685
0.506442	0.385176
0.518628	0.449793
0.666382	0.318882
0.589855	0.401554
0.609716	0.291018
0.473051	0.305532
0.375178	0.388033
0.464369	0.217155
0.463922	0.169807
0.383472	0.0760361
0.345823	0.0455952
0.461543	0.107969
0.411923	0.433912
0.499559	0.455558
0.761602	0.322187
0.871884	0.301854
0.790668	0.325894
0.761959	0.349979
0.701841	0.358273
0.733519	0.36466
0.726438	0.375793
0.634875	0.293324
0.398996	0.267454
0.224625	0.382244
0.0434412	0.144962
-0.0400966	0.0858722
0.0632246	0.367511
0.21009	0.227883
0.00937964	0.195996
0.208933	0.339106
0.226385	0.423242
0.128715	0.334305
0.141546	0.180662
0.0844228	0.231201
0.168371	0.367421
0.270812	0.311826
0.354161	0.293653
0.341107	0.357623
0.231546	0.405024
0.110662	0.285712
0.0131487	0.243409
-0.134299	0.10082
-0.139905	0.0982425
-0.0973632	0.139028
-0.0358664	0.073547
-0.0661727	0.0190633
-0.0348803	0.177704
0.0546792	0.280261
0.195783	0.408986
0.174525	0.264039
0.136046	0.0220043
0.35597	-0.0599638
0.376737	0.00276064
0.315019	0.0988674
0.323042	0.125253
0.280115	0.11707
0.116968	0.0705007
0.04665	0.156059
-0.0018656	0.221606
0.154	0.219001
0.183633	0.114788
-0.0264301	0.114007
-0.254667	0.108918
-0.327247	0.24041
-0.162633	0.187873
0.0182942	0.24315
0.22352	0.2619
0.347653	0.0109969
0.302216	0.0921921
0.14294	0.210082
0.19812	0.391139
0.0627294	0.342206
-0.0348743	0.228381
0.134736	0.19726
0.517828	0.167992
0.723466	0.0253157
0.620944	0.123008
0.543389	0.199255
0.456729	0.210532
0.492432	0.138715
0.655626	0.207892
0.797398	0.247055
0.649926	0.289543
0.440557	0.181052
0.378351	0.00156592
0.262978	-0.146174
0.0703994	-0.149519
0.00805765	-0.229703
0.0693908	-0.318741
0.055915	-0.240849
0.0310876	-0.231568
0.0666702	-0.304035
0.037048	-0.30416
0.104443	-0.116146
0.0201813	-0.191908
-0.0825133	-0.229003
0.00230995	-0.20939
0.135119	-0.133977
0.386446	0.0159864
0.335144	0.0963819
0.178199	0.0268114
0.209643	-0.0444377
0.0871511	0.0879981
0.074008	0.0331725
0.0375683	-0.106355
0.00806735	0.0818046
-0.0507302	0.0214488
-0.0935993	0.076085
0.0926214	0.0247224
0.0156485	0.0777784
-0.0506816	0.107642
-0.00626049	0.149718
0.0200694	0.383628
-0.175226	0.2568
0.0715954	0.391815
0.237536	0.285844
0.0146191	0.303886
0.201193	0.310211
0.148501	0.315981
0.0421001	0.0723913
0.225701	0.0997517
0.476792	0.182987
0.347828	0.146878
0.166215	0.162258
-0.026536	0.0254372
0.0316376	-0.0860274
-0.0558539	0.0871048
-0.128307	0.122686
-0.229612	0.173307
-0.222177	0.353083
-0.213135	0.318351
-0.214819	0.235794
-0.234265	0.23288
-0.348651	0.136806
-0.26617	0.16861
-0.15605	0.204866
-0.0974118	0.188852
0.0464987	0.19739
-0.163509	0.242612
-0.15295	-0.0315985
-0.126883	-0.0584464
-0.194329	0.00544246
-0.13484	0.0528217
-0.180247	0.0475729
-0.307142	0.0161791
-0.32679	0.0401217
-0.138663	-0.0896784
-0.0211652	-0.038028
0.193841	0.221134
0.534725	0.406448
0.708682	0.293721
0.712804	0.339123
0.615957	0.396468
0.442649	0.107186
0.332098	0.137026
0.36686	0.235198
0.349157	0.0477651
0.315521	-0.0140065
0.404277	0.0243661
0.421624	0.0501492
0.447309	0.04551
0.368902	0.129881
0.277023	0.239558
0.0978106	0.325796
-0.147999	0.222371
-0.0954914	0.177103
0.0882634	0.265847
0.0901448	0.272668
0.0305288	0.323135
0.0526283	0.313479
0.110008	0.298799
0.342366	0.0905473
0.383001	0.00141877
0.273544	0.15351
0.232942	0.0987011
0.277595	-0.086613
0.114615	-0.0162833
0.0393209	0.0405139
0.231691	0.0136182
0.181148	0.288617
0.254924	0.495244
0.403111	0.295887
0.536077	0.268965
0.668305	0.230232
0.670651	0.227908
0.722189	0.242978
0.768178	0.249139
0.716062	0.224367
0.681982	0.273645
0.576697	0.362387
0.502488	0.260909
0.310216	0.265066
0.462868	0.26252
0.484985	0.2207
0.498253	0.189193
0.269194	0.212161
0.325591	0.348276
0.411148	0.179147
0.398051	0.0825122
0.355633	0.109344
0.337158	0.172116
0.555876	0.0792864
0.387739	0.0677375
0.298037	0.0656616
0.0650804	0.20849
0.0624357	0.28132
0.365007	0.130694
0.357574	0.112771
0.377299	0.174511
0.315506	0.39491
-0.0180005	0.236305
-0.167257	-0.055736
-0.211209	0.0553081
-0.270628	0.0861872
-0.0958488	0.0848746
-0.198255	0.134931
-0.0604258	0.177502
0.183242	0.235381
0.504588	0.301366
0.103656	0.219119
-0.155091	0.379414
-0.221899	0.266559
-0.0391035	0.177481
0.134235	0.231197
0.0839376	0.259352
0.293867	0.105031
0.360042	0.119445
0.366776	0.05973
0.435578	0.143688
0.434133	0.110989
0.364645	0.25747
0.417741	0.274991
0.454554	0.203121
0.416702	0.29273
0.443883	0.381048
0.383594	0.358375
0.356136	0.464309
0.400116	0.38154
0.341865	0.335442
0.280503	0.433939
0.30734	0.418955
0.425487	0.339813
0.547317	0.278767
0.55577	0.0894177
0.388581	0.0375771
0.408928	-0.120375
0.38393	-0.293104
0.238376	-0.312102
0.101715	-0.185532
0.245894	-0.143112
0.427261	-0.105927
0.547268	0.125038
0.568671	0.165187
0.461821	0.0513914
0.581128	0.0961931
0.460094	0.178838
0.490337	0.167463
0.52309	0.145391
0.368102	-0.00463172
0.218139	-0.170392
0.139181	-0.238725
-0.0131736	-0.107957
-0.0177447	-0.0912738
0.0354404	0.0299752
0.0968172	0.264313
0.26768	0.442713
0.512322	0.414563
0.663215	0.2716
0.593113	0.219658
0.554337	0.291713
0.533315	0.291553
0.359435	0.334472
0.271677	0.374583
0.147782	0.349662
-0.0386736	0.459895
-0.149726	0.441891
-0.182552	0.368083
-0.08926	0.253083
-0.0305189	0.0619831
-0.105867	0.185895
-0.13684	0.00642108
-0.144634	-0.161331
0.0823548	-0.209705
0.197332	-0.175342
0.11629	-0.052302
0.0450329	-0.015486
-0.0107453	0.0272299
0.193396	-0.0711768
-0.0601544	0.0477173
-0.175544	0.024418
-0.0926668	0.0405918
-0.0627033	-0.011817
-0.251227	0.171433
-0.271875	0.252717
-0.373685	0.0785709
-0.337098	0.190366
-0.313851	0.233582
-0.34856	0.0174109
-0.438526	0.0257393
-0.457549	0.0944441
-0.31825	0.0878773
-0.228599	0.176535
-0.0932567	0.152795
-0.287313	0.103964
-0.167138	0.184866
-0.129789	0.174727
-0.253715	0.218834
-0.289119	0.221097
-0.347134	0.0562165
-0.440665	-0.00156303
-0.548706	0.299755
-0.341076	0.395854
-0.166686	0.185764
-0.398721	0.099727
-0.297541	0.366214
-0.21915	0.361868
-0.209933	0.0598283
-0.194867	-0.0665725
0.0377518	-0.104156
0.432131	-0.113205
0.651657	0.037286
0.681758	0.135195
0.662541	0.209153
0.527921	0.197006
0.330077	0.109491
0.277516	0.0644062
0.377177	0.0182991
0.498946	0.0414061
0.637808	0.114439
0.53745	0.249677
0.361196	0.345904
0.387413	0.378863
0.489398	0.264957
0.421015	0.286823
0.528947	0.310456
0.676931	0.254035
0.674951	0.239765
0.580805	0.24897
0.367394	0.221818
0.239985	-0.101784
0.192926	-0.104099
0.163881	0.168024
0.213364	0.0628206
0.12923	0.0159352
0.216453	0.0664581
0.0510503	0.0540259
-0.0898222	-0.0688494
0.0237846	-0.0868597
-0.0536002	-0.0765489
0.0557177	-0.0283188
0.0835613	-0.0951298
0.118852	-0.231054
0.357154	-0.10848
0.339722	-0.0463581
0.374843	-0.0922223
0.527083	-0.0297557
0.400492	0.0449311
0.264396	0.0154308
0.0799307	0.0830926
-0.0208935	0.0559189
-0.0832962	-0.0386822
0.0189734	-0.0504836
-0.0918199	0.159182
-0.193341	0.375151
0.0894767	0.330154
0.355645	0.384626
0.434777	0.133164
0.381531	0.0175331
0.24942	0.0844658
0.235873	0.101166
0.358486	0.199696
0.408587	0.0592458
0.308531	0.0305489
0.127488	0.0992958
0.108302	-0.0514593
0.139536	-0.162088
0.146999	-0.0963908
0.0952976	-0.0737107
0.231707	-0.0440549
0.39284	-0.0487019
0.372389	-0.0199295
0.397158	0.0985224
0.394949	0.370072
0.346207	0.269112
0.148823	0.081087
0.0435825	0.134853
0.0967229	0.0986993
-0.0610395	-0.0650491
-0.0444109	-0.0181912
-0.0440511	0.214736
-0.0790339	0.157493
0.00030403	0.267168
-0.0927239	0.254627
-0.152199	0.318434
0.06915	0.264853
0.23902	0.411867
0.300031	0.387478
0.446974	0.35639
0.300165	0.426392
0.146583	0.404524
0.00817795	0.467196
-0.0864587	0.498688
0.0312629	0.462628
0.0756122	0.514243
0.0245417	0.536468
0.109791	0.393615
0.0171245	0.398784
0.235937	0.438525
0.354935	0.236388
0.276292	0.150705
0.116849	0.198841
0.176832	0.192674
0.243896	0.159587
0.257424	0.241829
0.101679	0.28846
-0.0785632	0.209853
-0.18003	0.197375
-0.0726264	0.187615
-0.139376	0.413123
-0.00692096	0.419495
-0.159259	0.349558
-0.135329	0.258451
-0.0239737	0.174375
-0.233894	0.195204
-0.361831	0.250224
-0.164538	0.42633
0.163154	0.342321
0.260208	0.313548
0.130572	0.320963
0.15661	0.296959
0.262564	0.336867
0.276466	0.219268
0.13572	0.24742
0.255096	0.133159
0.366214	-0.0221319
0.353524	0.00414959
0.437009	0.150229
0.380951	0.301239
0.185079	0.218783
0.103781	0.0776343
-0.0531204	0.0547032
-0.0975692	0.0931346
-0.151805	0.238182
-0.320396	0.244377
-0.331804	0.232281
-0.279899	0.263098
-0.245467	0.248678
-0.328509	0.245534
-0.270439	0.209634
-0.0957329	0.296391
0.0457496	0.328521
0.257035	0.0799322
0.225937	-0.0189076
0.117885	-0.00494625
0.0354052	0.00860968
0.0731126	-0.0122555
0.111073	-0.0175677
0.214762	-0.0619033
0.0635872	-0.00450409
-0.0565657	0.193049
-0.0102694	0.267536
0.263163	0.216784
0.444816	0.301309
0.292693	0.267874
0.0499055	0.409838
0.0123994	0.491041
0.0883454	0.406701
0.228156	0.307985
0.413698	0.259437
0.487937	0.329533
0.471756	0.346357
0.622583	0.325095
0.719084	0.311002
0.779243	0.370468
0.66252	0.323215
0.530603	0.285391
0.175672	0.309315
-0.0225054	0.174915
-0.144786	0.116104
-0.257868	0.0871352
-0.19446	0.179673
-0.251183	0.15071
-0.378094	0.355293
-0.228913	0.360541
-0.305995	0.356308
-0.288493	0.1134
-0.287383	0.0261924
-0.286429	0.0978596
-0.186484	0.0560391
-0.223991	0.0370626
-0.177069	0.229892
0.0380018	0.440327
0.00825904	0.276547
-0.0273361	0.144883
-0.0289316	0.233412
-0.0599641	0.392043
-0.177293	0.211015
-0.091616	0.188797
-0.219866	0.21224
-0.256837	0.2068
-0.333376	0.301259
-0.357921	0.208556
-0.315766	0.120435
-0.29263	0.257001
-0.339272	0.148509
-0.407756	0.112323
-0.240935	0.125946
-0.0200177	0.231299
-0.0632561	0.204216
-0.188329	0.0279655
-0.418497	0.14087
-0.424791	0.274806
-0.253407	0.28382
-0.224186	0.0615043
-0.242049	0.0834663
0.0228865	0.326795
0.320128	0.342408
0.349896	0.292093
0.075001	0.444481
-0.111597	0.322214
-0.231671	0.300701
-0.158567	0.325797
-0.106061	0.190207
0.0451772	0.285068
-0.0510061	0.301832
-0.0826788	0.456071
0.0549836	0.421688
0.109166	0.263442
0.0857257	0.376162
-0.0782782	0.293489
-0.112156	0.235587
-0.0804438	0.281119
-0.209842	0.205038
-0.150096	0.270416
0.116663	0.54721
0.215412	0.450449
0.247718	0.146631
0.315653	0.0957706
0.429804	0.0418015
0.341071	0.207881
0.442869	0.344248
0.578759	0.289206
0.526451	0.492592
0.406895	0.587204
0.173716	0.571047
0.0233062	0.508064
-0.0264206	0.253382
-0.14599	0.206103
0.243124	0.336383
0.324515	0.26163
0.244006	0.11786
0.279199	0.180437
0.370738	0.21333
0.543562	0.20134
0.590789	0.283891
0.575942	0.32321
0.518118	0.28406
0.493933	0.218062
0.484358	0.331493
0.372215	0.490989
0.165024	0.430266
0.258504	0.265236
0.101448	0.261856
0.0956279	0.357618
0.295098	0.489657
0.536021	0.35377
0.582477	0.446247
0.783087	0.379203
0.781308	0.318846
0.751592	0.277831
0.713693	0.248114
0.720988	0.281124
0.728119	0.305827
0.822772	0.339706
0.827076	0.371051
0.823984	0.36499
0.79512	0.343036
0.843525	0.377397
0.841916	0.391179
0.878245	0.404844
0.736083	0.212197
0.431815	0.206895
0.306663	0.229717
0.0253392	0.233547
0.100704	0.380793
0.302597	0.536858
0.294803	0.56224
0.378188	0.239054
0.012405	0.19429
-0.145037	0.267083
-0.160302	0.32698
-0.0493995	0.368532
0.225199	0.492289
0.292984	0.510337
0.302096	0.467441
0.347235	0.36887
0.391247	0.289862
0.320212	0.434745
0.270529	0.489416
0.283003	0.478812
0.341378	0.52654
0.223904	0.529648
0.126085	0.386174
0.0305598	0.268193
0.0900209	0.240514
0.107844	0.330339
0.17384	0.365361
0.185247	0.389486
0.238469	0.541649
0.0874668	0.469231
0.0781059	0.489343
0.126458	0.455929
0.167605	0.347963
0.256762	0.329605
0.315465	0.250143
0.302636	0.256061
0.33791	0.332205
0.374012	0.18917
0.373335	0.146866
0.349791	0.233864
0.295519	0.23925
0.290813	0.1607
0.23548	0.319817
0.224086	0.354216
0.239347	0.274446
0.154709	0.224139
0.0478033	0.303553
0.161766	0.227082
0.392279	0.172417
0.406531	0.207832
0.396098	0.213824
0.444126	0.253251
0.494081	0.271218
0.531606	0.270572
0.502583	0.38137
0.394843	0.316888
0.184294	0.49639
0.0170942	0.69628
0.107487	0.488653
0.0404902	0.417135
0.174835	0.448985
0.405699	0.346726
0.295651	0.343969
0.260137	0.302688
0.291158	0.353574
0.295819	0.369701
0.25544	0.309258
0.223618	0.190817
0.399241	0.203116
0.370464	0.439184
0.193937	0.231308
0.333802	0.070083
0.224317	0.0948121
0.133813	0.0915638
0.178784	0.101921
0.283707	0.0818289
0.315816	0.0208759
0.320494	0.0345366
0.199151	0.0694826
0.247127	0.0544015
0.479607	0.0865912
0.478904	0.160172
0.319817	0.0907703
0.353907	0.0204241
0.377252	0.00196101
0.263497	0.0952674
0.272686	0.0318834
0.395886	-0.0123724
0.435036	-0.0114333
0.259011	0.136821
0.286742	0.194714
0.338663	0.238197
0.388389	0.131703
0.420006	0.147476
0.292059	0.273189
0.24352	0.236946
0.431104	0.118419
0.333153	0.202702
0.167029	0.185899
-0.0869671	0.107286
-0.140141	0.224219
-0.115817	0.362567
0.0490192	0.235262
0.0393869	0.317398
0.344859	0.408695
0.617061	0.276607
0.510971	0.276811
0.595417	0.0445042
0.577538	0.0870104
0.598439	0.11391
0.535741	0.158708
0.526955	0.225428
0.666843	0.290748
0.762805	0.354621
0.571957	0.441022
0.32175	0.377894
0.211215	0.409742
0.193427	0.305626
0.0269399	-0.00929744
-0.381589	0.0191614
-0.199183	0.180818
0.0472869	0.289849
0.180644	0.269173
0.301013	0.38171
0.358924	0.39409
0.498699	0.277171
0.625531	0.199975
0.624363	0.215251
0.665598	0.251401
0.740528	0.279428
0.76175	0.278768
0.833687	0.250709
0.861041	0.266945
0.848426	0.309546
0.777826	0.379903
0.566004	0.360888
0.324841	0.326954
0.277127	0.391825
0.099823	0.300825
0.0940696	0.113799
0.149194	-0.009976
-0.0814269	0.108598
-0.267559	0.0650797
-0.104913	0.0143439
-0.145678	0.039602
-0.0242026	-0.0163283
-0.0764282	0.0109543
0.110404	0.194928
0.324433	0.291868
0.397754	0.237104
0.360326	0.149737
0.349354	-0.107648
0.253638	-0.0802263
0.330911	0.268119
0.243739	0.324856
0.0869122	0.234687
0.191578	0.294658
0.276861	0.274925
0.241807	0.299206
0.317072	0.199967
0.297552	0.189497
0.210042	0.175331
0.255289	0.203103
0.209771	0.227279
0.180128	0.10653
0.270247	0.0331755
0.227405	0.0908928
0.00461637	0.22716
-0.118419	0.155299
-0.0369352	0.0651336
-0.148492	0.139222
-0.0928852	0.0906929
0.0963827	0.0468927
-0.0895176	0.186291
-0.0638674	0.216158
-0.068709	0.14503
-0.0633348	0.164385
-0.0855257	0.11262
-0.0865337	0.184627
0.131108	0.231002
0.31121	0.333828
0.284687	0.49116
0.0973179	0.52937
0.0868773	0.463642
0.351479	0.425205
0.531698	0.453046
0.651809	0.452571
0.550807	0.596195
0.665264	0.483273
0.588979	0.479795
0.69872	0.398183
0.870023	0.354036
0.858778	0.334317
0.627909	0.133364
0.349618	0.153465
0.175286	0.416894
0.101152	0.526029
0.28652	0.438082
0.44697	0.179068
0.479542	0.0919986
0.422848	0.0696847
0.234822	-0.0427244
0.2067	0.0295959
0.245143	0.0222333
0.285547	0.0012684
0.0672494	-0.0276971
-0.0385545	0.118026
0.0564932	0.214678
-0.0152868	0.309627
0.0200482	0.205345
-0.120463	0.18083
-0.212029	0.163025
-0.117916	0.0640173
-0.150133	-0.00891211
-0.26004	0.141174
-0.213846	0.0637596
-0.272498	0.0204233
-0.297009	0.139958
-0.128864	0.0828867
-0.192318	0.133835
-0.331654	0.173583
-0.337972	0.191951
-0.0228814	0.17034
-0.11888	0.0762313
-0.0953211	-0.00358256
-0.24095	0.0696423
-0.328395	0.167952
-0.325401	-0.0013565
-0.270261	0.145793
-0.445333	0.236347
-0.40284	0.27445
-0.360068	0.0610676
-0.112098	0.142951
0.215014	0.36436
0.481534	0.472233
0.422338	0.623716
0.533199	0.49805
0.470691	0.490562
0.392832	0.553614
0.482151	0.472748
0.507325	0.430267
0.458395	0.418833
0.457536	0.321904
0.348403	0.312517
0.0500439	0.338003
-0.00906993	0.438763
-0.0941698	0.375016
-0.21242	0.293952
-0.132208	0.0439498
0.112247	-0.0218172
0.360482	0.17898
0.425937	0.116022
0.45181	0.0621613
0.509682	-0.000367038
0.37722	0.140247
0.379194	0.207378
0.459399	0.0973272
0.334528	-0.0103467
0.148475	-0.0701829
0.102679	-0.0565244
0.108527	-0.0581141
0.207795	0.0110517
0.415877	-0.00640989
0.426277	0.12984
0.606925	0.278334
0.513529	0.425
0.420177	0.36651
0.509571	0.340684
0.518505	0.378229
0.384318	0.284831
0.0984076	0.203084
0.0267974	0.0994677
0.0486849	-0.0301926
0.0507287	0.0647739
0.332909	0.130782
0.363117	0.0317801
0.197997	0.15103
0.338768	0.216404
0.58427	0.167975
0.622331	0.182204
0.608828	0.294821
0.616249	0.376626
0.51884	0.312662
0.454698	0.243082
0.312716	0.291027
0.179379	0.162284
0.0916247	0.0648934
0.0880252	0.195056
0.116779	0.170063
0.286282	-0.00254892
0.306549	-0.0938662
0.203754	-0.0177752
0.0898566	0.0276473
0.0314911	0.0517025
0.0362606	-0.0453033
0.0996387	-0.0990976
0.153961	-0.13209
0.156493	-0.0330011
0.202463	-0.0126039
0.373585	0.0783952
0.596733	0.245966
0.658453	0.2434
0.668436	0.225608
0.65189	0.233466
0.662798	0.185644
0.593835	0.21107
0.656456	0.234432
0.627834	0.189407
0.633528	0.217062
0.58502	0.203717
0.472614	0.192158
0.474783	0.275055
0.605526	0.348397
0.692494	0.336498
0.537369	0.27966
0.479722	0.0693998
0.520098	-0.0690919
0.647929	-0.030562
0.66185	-0.0521601
0.602201	-0.0444841
0.490368	-0.00622202
0.425618	-0.0354188
0.493726	-0.000150042
0.507225	0.0592656
0.485945	0.102009
0.64846	0.153786
0.634538	0.158475
0.688768	0.256547
0.716973	0.36559
0.638243	0.339518
0.554047	0.287892
0.476806	0.355711
0.341904	0.412464
0.34476	0.337049
0.272968	0.324318
0.31363	0.205572
0.386777	0.195815
0.371954	0.22374
0.518915	0.0727038
0.479614	-0.0700004
0.337975	0.0622106
0.169817	0.10656
0.260457	-0.0254446
0.304758	-0.112741
0.216493	-0.156991
0.354674	-0.0659041
0.313565	0.174615
0.341136	0.17496
0.398391	0.024408
0.378097	-0.110755
0.338551	0.00849065
0.18166	0.0195141
0.191806	0.0277374
0.265952	-0.0681207
0.304707	-0.071671
0.17113	0.10867
0.211994	0.0230304
0.353467	-0.103154
0.435753	-0.0966875
0.308895	-0.134734
0.185695	0.00332632
0.0331592	-0.073233
-0.00340459	-0.0246603
-0.0189106	-0.00307501
0.0144686	0.00282181
0.0307993	0.0522513
0.163851	0.0666813
0.192555	0.109582
0.347457	0.316534
0.520543	0.265791
0.634695	0.306752
0.553131	0.395836
0.524546	0.374879
0.609499	0.25129
0.70991	0.342499
0.594179	0.332313
0.470593	0.22036
0.300787	0.222045
0.0281737	0.387043
-0.0321382	0.331829
-0.0716265	0.287815
0.0648156	0.426266
0.0417877	0.288685
-0.124964	0.294021
-0.144509	0.373245
-0.0383147	0.311922
-0.120418	0.247323
-0.255748	0.26991
0.104364	0.461675
0.488861	0.500826
0.387444	0.409611
0.315478	0.469535
0.250636	0.448056
0.176778	0.417389
0.14708	0.350257
0.326967	0.137393
0.479694	0.14227
0.483973	0.0946094
0.385122	0.202599
0.144698	0.196876
0.0241551	0.120256
0.106084	0.120807
0.121752	0.232595
0.197593	0.271619
0.148837	0.225315
-0.0106751	0.213353
-0.188878	0.169655
-0.19685	0.245828
-0.0605593	0.230083
0.0951211	0.27898
0.0624952	0.257673
-0.00920264	0.290523
-0.0133563	0.307868
-0.259413	0.380149
-0.111768	0.49761
0.16316	0.445616
0.40491	0.278739
0.530495	0.243676
0.348526	0.27223
-0.0198477	0.216146
0.0491382	0.165966
0.0758467	0.105838
0.133678	0.0581949
0.115343	-0.141888
0.0414803	-0.0137633
0.18449	0.00908796
0.157087	0.0732025
0.156665	0.0783971
0.175716	-0.0427683
0.0807056	0.091849
0.0142061	0.230393
-0.0460391	0.271448
-0.121589	0.3224
-0.0567388	0.431656
0.098356	0.420208
0.147362	0.304714
-0.121206	0.322987
-0.115728	0.411668
0.0100899	0.38554
0.310872	0.562698
0.56216	0.421126
0.489888	0.307431
0.556192	0.36799
0.413368	0.520207
0.291472	0.500323
0.0401011	0.250254
-0.139606	0.215577
-0.022047	0.180515
-0.080568	0.152119
-0.0801986	0.17228
-0.178481	0.160582
-0.236248	0.245709
-0.132203	0.154099
0.0467026	-0.00363782
0.129535	-0.190252
-0.0255453	-0.120352
0.101706	-0.0616189
0.260517	0.0818432
0.315422	0.119082
0.381893	0.192807
0.529642	0.0826421
0.493055	0.0530041
0.62211	0.0435416
0.749551	0.0920116
0.752138	0.238857
0.758847	0.255332
0.788533	0.274276
0.738437	0.270821
0.734944	0.299128
0.659935	0.398624
0.401948	0.384301
0.0645581	0.214033
-0.0663684	0.160478
0.0508724	0.191277
-0.0581665	0.0511333
-0.235168	0.0339348
-0.147062	0.0393904
-0.252169	0.0758573
-0.264367	0.0851107
0.0756885	0.235871
0.474317	0.378609
0.537619	0.307534
0.535362	0.131587
0.414875	0.0114749
0.259955	-0.100065
0.390874	-0.166749
0.284633	-0.176187
0.245517	-0.102077
0.433047	-0.0863553
0.550448	-0.0776502
0.560437	-0.0658069
0.638451	0.0180457
0.61571	0.0922425
0.602071	0.167947
0.448648	0.261453
0.386674	0.113819
0.461536	0.075092
0.474115	0.159625
0.385727	0.136783
0.327306	0.128394
0.415323	0.286619
0.474849	0.176275
0.358723	0.198654
0.170906	0.359841
0.123715	0.298066
0.177441	0.181453
-0.0612164	0.0696499
-0.165384	0.11784
-0.272391	0.192706
-0.249822	0.134896
-0.317436	-0.0292255
-0.247123	0.0378458
-0.117651	0.142038
-0.228668	0.157611
-0.231857	0.0871178
-0.274517	-0.016359
-0.273479	0.198609
0.016567	0.0177725
-0.301484	0.079696
-0.373905	-0.0294594
-0.242297	0.009977
-0.377793	0.0210495
-0.254955	0.266793
-0.000952125	0.390433
0.0766332	0.217354
-0.0934506	0.140248
-0.0305077	0.092925
0.111084	-0.0302393
0.219232	-0.171026
0.0930907	-0.359043
0.194206	-0.390146
0.199716	-0.387563
0.0344548	-0.469633
0.101399	-0.254711
0.103043	-0.220757
0.130822	-0.159551
0.220871	-0.115779
0.286225	-0.104898
0.370779	-0.247183
0.235149	-0.157529
0.121203	-0.154566
0.0509118	-0.346129
0.0597428	-0.230178
0.0307989	-0.101448
-0.0572157	0.0765021
-0.139566	0.0790492
-0.057878	0.00512111
-0.00374779	0.0175525
0.0916527	0.0816045
0.390208	0.226696
0.730219	0.270643
0.739423	0.239548
0.822404	0.200497
0.74549	0.163473
0.596488	0.156949
0.410167	0.205832
0.193431	0.092008
0.391686	0.222124
0.50626	0.312191
0.415516	0.168132
0.125968	0.0813331
-0.0279582	0.267099
0.33403	0.287924
0.47301	0.371995
0.340468	0.356315
0.394748	0.350973
0.571856	0.269073
0.710743	0.217633
0.787284	0.215785
0.709637	0.28109
0.729743	0.264234
0.54574	0.25984
0.416173	0.371959
0.388747	0.406268
0.410818	0.538067
0.621812	0.460097
0.573346	0.351756
0.458569	0.458289
0.476186	0.45437
0.425547	0.337628
0.435732	0.360506
0.469781	0.325239
0.396579	0.210134
0.247829	0.129299
0.186173	0.0822054
0.173194	0.281074
0.212704	0.316048
0.141746	0.368384
-0.0135783	0.261254
0.0156424	0.126195
0.246718	0.0473286
0.35337	0.0684199
0.313222	0.214771
0.198104	0.342118
0.0912355	0.473351
0.275668	0.381834
0.256966	0.393182
0.180273	0.566917
0.146761	0.520166
0.0257038	0.458333
0.10633	0.497979
0.227402	0.323732
0.357111	0.0876674
0.267476	0.0692394
0.224961	-0.0412006
0.176846	-0.200408
0.181244	-0.302272
0.15144	-0.250536
0.197858	-0.21007
0.32664	-0.14859
0.34227	-0.160258
0.369554	-0.18977
0.453866	0.0237243
0.558319	0.125723
0.638099	-0.0382136
0.503446	0.00345366
0.447351	0.0449116
0.382119	0.0523772
0.246391	0.138155
0.115221	0.20586
-0.00198112	0.262375
0.0992548	0.0668145
0.149811	0.128757
0.323389	0.183824
0.267257	0.309588
0.130073	0.395225
0.0909694	0.307746
0.104685	0.0938847
0.0192628	0.104213
0.0296768	0.0407392
0.102417	0.0543146
-0.0337942	0.0831697
-0.0181742	0.00260314
-0.0472887	0.147674
0.0329664	0.055722
0.10794	0.0103218
0.129977	0.116872
0.141411	0.202114
0.224576	0.301857
0.49004	0.34809
0.683016	0.312555
0.753443	0.252102
0.626404	0.23039
0.376697	0.36507
0.199513	0.396902
0.0694525	0.378851
-0.0122243	0.309656
0.0114538	0.199929
-0.0195066	0.232948
0.0485579	0.143586
0.0100549	-0.221808
0.058084	-0.272366
0.137908	-0.234444
0.139345	-0.119625
0.396614	0.0284813
0.542728	0.208079
0.526007	0.231653
0.668237	0.253406
0.635485	0.365129
0.352543	0.375859
0.194668	0.275594
0.279251	0.138583
0.32788	0.211491
0.256383	0.194184
0.291996	0.156049
0.222582	0.155545
0.0747389	0.194754
0.0920891	0.19137
0.05247	0.181029
-0.0792676	0.232318
-0.0186337	0.270923
0.185965	0.321616
0.208353	0.383222
0.0339387	0.406807
0.0325319	0.429357
0.142308	0.468874
0.107687	0.364351
0.148957	0.477022
0.02312	0.523395
0.00419033	0.413979
-0.0844857	0.231092
-0.0961753	0.355152
0.036401	0.522248
-0.170482	0.26116
-0.0706457	0.0403017
-0.0826578	0.132533
-0.0966596	0.0977184
-0.199588	0.194868
-0.434168	0.347221
-0.400518	0.257468
-0.307482	0.186999
-0.193218	0.140744
-0.306331	0.246381
-0.320723	0.209929
-0.196885	0.092571
-0.0560358	0.148135
-0.228237	-0.00809989
-0.187476	-0.0658742
-0.179461	0.0154172
-0.289358	0.19374
-0.360555	0.0146084
-0.316846	0.0522757
-0.295778	0.189746
-0.145763	0.266375
-0.00507628	0.412947
0.353714	0.468386
0.595665	0.36406
0.703093	0.331135
0.731725	0.286099
0.554154	0.325543
0.495986	0.278709
0.560104	0.181344
0.347809	0.121318
0.283364	-0.0251414
0.359263	0.0450337
0.307155	0.0873394
0.221459	0.00709873
0.219153	0.115637
0.340821	0.329202
0.395772	0.318403
0.255342	0.365912
0.232938	0.366197
0.269332	0.457897
0.313978	0.434369
0.533262	0.272054
0.495952	0.284442
0.479119	0.275562
0.671206	0.206097
0.579179	0.209608
0.233295	0.391144
0.0821926	0.299402
-0.0782728	0.134346
-0.217196	0.107114
-0.192003	-0.0168995
-0.232078	-0.0520561
-0.353321	0.0422128
-0.0219849	0.0854284
0.313854	-0.0780731
0.344896	0.0480696
0.331402	0.183408
0.438771	0.148861
0.482269	0.166973
0.456878	0.201599
0.385719	0.219177
0.25059	0.257603
0.0275596	0.24287
-0.194711	0.268943
-0.0407315	0.24103
-0.00132046	0.310904
0.167963	0.300407
0.22534	0.306216
0.132605	0.299733
0.313745	0.239446
0.273965	0.397954
0.115218	0.345571
0.0692267	0.279376
-0.113885	0.233201
-0.346497	0.306759
-0.265577	0.443545
0.319922	0.462785
0.506755	0.118799
0.384562	0.118414
0.226668	0.098886
0.113663	0.044622
0.100064	0.0583559
0.0365475	-0.0384225
0.145734	-0.0648631
0.127421	-0.0467621
0.197343	-0.0724266
0.189852	-0.105718
0.202289	-0.0311096
0.135633	0.0431454
0.24946	0.253407
0.325916	0.308546
0.306927	0.26786
0.274517	0.201445
0.284218	0.207169
0.209069	0.172715
0.229474	0.032281
0.353579	0.0279742
0.257924	0.0117807
0.00252833	0.1056
0.125611	0.1613
0.230415	0.052091
0.336722	-0.0332707
0.417874	0.081255
0.461219	0.3144
0.511679	0.280472
0.648542	0.205917
0.69226	0.249757
0.772597	0.233078
0.4338	0.347659
0.257168	0.54429
0.313114	0.466544
0.402433	0.514724
0.478803	0.240965
0.258461	0.024112
0.133488	-0.00100561
0.174609	-0.135643
-0.0922138	-0.0373886
0.0175447	-0.121052
-0.267762	-0.036379
-0.254045	0.283309
0.087296	0.130834
0.337229	0.253145
0.584386	0.374408
0.550407	0.306203
0.426783	0.291477
0.354971	0.268564
0.602076	0.232861
0.712426	0.303302
0.600899	0.352215
0.830251	0.300382
0.879607	0.277527
0.760017	0.185916
0.533691	0.216269
0.433925	0.282314
0.56011	0.124756
0.519707	0.20036
0.390227	0.371838
0.356332	0.471942
0.543098	0.396869
0.520212	0.450139
0.442316	0.500766
0.388565	0.39597
0.152598	0.273736
-0.0381331	0.254196
-0.142662	0.198587
-0.031518	0.247608
0.107039	0.286915
0.164797	0.251723
0.116869	0.240939
0.16653	0.528979
0.165628	0.66828
0.464107	0.466199
0.511225	0.345569
0.299635	0.414212
0.232312	0.388502
0.205743	0.287738
0.139627	0.238037
0.148729	0.195938
0.244441	0.160281
0.102752	0.162489
-0.0641492	0.0531627
-0.170815	-0.201556
0.0306628	0.0659626
0.157285	0.342463
0.282765	0.302028
0.648118	0.0948583
0.636096	-0.00946022
0.353729	0.0555222
0.339347	0.0637278
0.254716	0.183456
0.213946	0.185868
0.358236	0.206463
0.39103	0.179882
0.553416	0.104069
0.32498	0.426833
0.0774886	0.525051
-0.122356	0.347555
-0.179053	0.059463
0.103694	-0.0936868
0.376328	0.0372549
0.479824	0.219334
0.368182	0.193312
0.207749	0.142231
0.310902	0.169601
0.360312	0.272219
0.483551	0.31037
0.663349	0.234635
0.615385	0.16174
0.547938	0.130027
0.568077	0.173502
0.734361	0.230888
0.717345	0.268726
0.606575	0.215702
0.582616	0.294976
0.545114	0.362222
0.455974	0.4158
0.299055	0.37887
0.287106	0.260728
0.422025	0.327017
0.580685	0.326651
0.665555	0.341036
0.691227	0.385151
0.671221	0.346632
0.626967	0.336234
0.479023	0.303793
0.320186	0.372968
0.290374	0.371221
0.306109	0.322692
0.226273	0.362516
0.280647	0.340542
0.36367	0.278516
0.346252	0.284257
0.309397	0.228561
0.260149	0.187774
0.221273	0.025077
0.140829	-0.0870855
0.0366124	-0.0682355
-0.00885592	-0.0927384
0.0795191	-0.16216
0.277973	-0.114784
0.356554	-0.0347461
0.414452	0.161477
0.554172	0.174927
0.548748	0.192476
0.728362	0.320644
0.847505	0.34202
0.805617	0.328641
0.719294	0.391616
0.367041	0.4365
0.214216	0.309438
0.156841	0.251598
-0.0825594	0.160377
-0.0971628	0.0965909
-0.194412	0.230389
-0.257715	0.242177
-0.15828	0.202806
-0.0606287	0.272331
0.0445266	0.277388
0.347323	0.19612
0.614088	0.156876
0.616073	0.229369
0.611911	0.226096
0.605341	0.225131
0.591411	0.264639
0.575524	0.302343
0.380096	0.380694
0.322368	0.155466
0.117341	0.169854
-0.070441	0.222506
0.113122	0.247627
0.16008	0.374728
-0.016314	0.356268
-0.166978	0.311728
-0.354743	0.373377
-0.167383	0.509541
-0.0391967	0.527561
0.209703	0.469101
0.443656	0.153569
0.54544	-0.0116645
0.379273	0.071066
0.198574	0.0894581
0.230146	0.00828776
0.212307	0.0461475
0.217512	0.120306
0.460804	0.0982426
0.194613	0.183292
0.150591	0.15349
0.110438	0.000111041
-0.02533	0.0717297
0.287217	0.277273
0.575107	-0.00521488
0.621776	0.158954
0.570896	0.248418
0.348455	0.0983142
0.3134	-0.0417532
0.398364	-0.139314
0.264407	-0.119335
0.093276	-0.0959143
-0.0177945	0.0991129
0.249155	0.237858
0.434259	0.135856
0.405825	0.101018
0.237114	-0.080257
0.320536	-0.215435
0.506377	-0.221228
0.380698	-0.00307754
0.375239	0.0648032
0.494361	0.103715
0.482443	0.0971769
0.637086	0.145302
0.457188	0.219265
0.150586	0.248331
0.0617324	0.0877774
0.0946603	0.0884489
-0.0549734	0.0683584
-0.104208	-0.013352
0.152214	0.228909
0.343817	0.282734
0.379883	0.232713
0.509003	0.172684
0.494747	0.0925773
0.515632	0.0429353
0.601255	0.0140467
0.609324	0.103475
0.664536	0.234775
0.744378	0.286145
0.786956	0.312456
0.692677	0.306586
0.662996	0.361739
0.781794	0.380045
0.865516	0.358654
0.765313	0.17873
0.601236	0.0286337
0.345914	0.233927
0.323652	0.147798
0.139633	0.227188
0.146572	0.331248
0.10584	0.324919
-0.0276313	0.355975
-0.0113135	0.372524
0.0307935	0.189947
0.0959108	0.118601
0.144796	0.204204
0.127397	0.241179
0.11398	0.156922
0.211121	0.135069
0.369433	0.159744
0.426597	0.264275
0.244211	0.244395
0.232615	0.434841
0.211481	0.508391
0.213515	0.284045
0.426024	0.141256
0.413584	0.245474
0.202549	0.347877
0.202318	0.413555
0.229103	0.399675
0.0400419	0.225034
-0.0770297	0.137804
-0.0314981	0.166303
0.0167591	0.22857
0.0597283	0.184296
0.0263192	0.396087
0.0349772	0.420344
0.227362	0.425958
0.212813	0.312167
0.192522	0.185327
0.253425	0.219501
0.335009	0.155897
-0.24983	0.0491474
-0.201676	0.04157
-0.24046	0.0947842
-0.27481	0.0575626
-0.186687	0.142129
-0.274575	0.197437
-0.201329	0.157282
-0.0838742	0.0754107
-0.152728	0.201111
-0.110136	0.107324
0.0689567	-0.0722505
0.180354	-0.165548
0.338448	0.117306
0.41523	0.012314
0.418236	-0.167481
0.431796	-0.0828362
0.494777	-0.0318442
0.57786	0.135885
0.779907	0.161523
0.627782	0.194939
0.570535	0.271089
0.6241	0.289876
0.584851	0.290366
0.413319	0.114069
0.230926	0.00190042
0.136662	-0.0344814
0.0179809	-0.0665024
-0.0104596	-0.0148802
-0.0835409	0.0327382
-0.21206	-0.0980495
-0.139534	-0.0332288
-0.0211889	-0.0478412
0.0849747	-0.13246
0.252471	-0.0185872
0.336112	0.0688413
0.352581	0.0733268
0.432684	0.092624
0.337807	0.0286422
0.255452	0.103354
0.0769347	0.280938
-0.110033	0.217976
-0.0877636	0.19633
-0.0558614	0.160996
0.0959775	0.104832
0.0853725	-0.224415
0.0831861	-0.0582634
0.127447	0.0586065
0.20238	0.0801103
0.371969	0.00614451
0.310851	-0.011208
0.224363	0.006036
0.272757	-0.0460314
0.468373	-0.135277
0.411877	-0.140225
0.153541	-0.0225697
0.131975	0.00336448
0.234117	-0.0802572
0.0745701	0.181097
0.124072	0.324411
0.530166	0.101932
0.657932	0.163467
0.610723	0.23884
0.620499	0.255162
0.659757	0.215431
0.703262	0.189083
0.69251	0.255405
0.708339	0.284319
0.800573	0.344973
0.609883	0.450345
0.277203	0.352269
0.163673	0.0540009
0.11576	0.0707877
0.0113729	0.135365
0.0250647	0.342708
0.161908	0.499194
0.126671	0.419653
-0.0638772	0.203521
-0.195525	0.129916
-0.169552	0.105365
-0.153126	0.142635
-0.26783	0.185019
-0.197302	0.162395
-0.275446	0.215801
-0.233294	0.276641
0.163921	0.363631
0.352368	0.252556
0.287136	0.233887
0.243247	0.210906
0.244032	0.300452
0.0632281	0.368115
0.124796	0.424528
0.173281	0.384837
0.0719702	0.185672
0.230248	-0.0177688
0.289699	-0.189805
0.246384	-0.156921
0.0583556	-0.245763
-0.0979076	-0.224694
-0.0127812	-0.196603
0.0356951	-0.137033
0.0392616	-0.147092
0.167803	-0.0911054
0.307811	0.0236269
0.437721	-0.0278685
0.482474	0.0186468
0.470556	0.293621
0.26769	0.227993
0.154641	0.02954
0.194487	-0.0998891
0.065155	-0.209239
0.0300666	-0.192101
-0.0324346	-0.0146247
0.0283995	-0.0804278
0.160516	-0.136352
0.192741	-0.114108
0.143675	-0.125552
0.264762	-0.123309
0.342733	-0.169351
0.328453	-0.0234736
0.536724	0.0711114
0.54487	0.115554
0.432323	0.194417
0.487489	0.0845911
0.207139	0.0497242
0.0138384	0.0286856
0.102809	-0.000961039
0.0499572	0.182288
0.00601106	0.0361349
0.0484084	0.0306167
0.0279792	0.0947464
-0.136801	0.190968
-0.133529	0.141041
-0.088648	-0.0604532
0.0722791	-0.0283185
0.239254	0.0197188
0.263358	0.141608
0.187019	0.403141
0.172748	0.314954
0.173246	0.308644
0.27377	0.295915
0.255588	0.0909764
0.115444	-0.0994996
-0.0245992	-0.240621
-0.0576724	-0.240891
-0.097566	-0.0997985
-0.137418	0.00478091
0.0415219	-0.0649311
0.277669	-0.0153606
0.423596	0.18257
0.36852	0.242163
0.40547	0.107397
0.350725	0.0019816
0.202556	-0.0714905
0.070294	-0.239562
-0.19024	0.0220842
-0.2019	0.266227
0.0848229	0.459225
0.287646	0.484901
0.375138	0.324256
0.218908	0.284233
0.281666	0.348292
0.283572	0.434585
0.227543	0.506533
0.428759	0.46088
0.580513	0.464429
0.667732	0.421593
0.790076	0.367508
0.829216	0.347753
0.810988	0.353285
0.827743	0.318735
0.823333	0.297518
0.678772	0.333188
0.568824	0.405598
0.462991	0.512953
0.315544	0.504447
0.227289	0.376641
0.292341	0.364379
0.202906	0.339058
0.171254	0.16579
0.147923	0.0938684
0.145357	-0.0229139
0.217021	0.157761
0.392608	0.225153
0.562459	0.393569
0.489828	0.338563
0.23063	0.206402
0.241369	0.157968
0.263314	0.167352
0.100426	0.170429
0.0244082	0.185784
-0.125233	0.1412
-0.294648	0.0607715
-0.361008	0.075061
0.00330276	0.00687841
0.174397	-0.0592236
0.291277	0.00208347
0.416702	0.0875597
0.618363	0.121949
0.821283	0.194777
0.741688	0.278059
0.712903	0.280704
0.679885	0.298187
0.628625	0.327798
0.714704	0.338148
0.588449	0.33191
0.400819	0.283836
0.438026	0.223549
0.462196	0.240995
0.528975	0.18739
0.439756	0.264142
0.506906	0.341767
0.484973	0.126725
0.325448	0.0301547
0.143225	-0.0444823
0.224235	-0.0259989
0.41433	-0.131663
0.488554	-0.175827
0.290025	-0.0372996
0.140676	0.124738
0.237715	0.0454786
0.300122	-0.028615
0.358654	0.029529
0.294272	0.099034
0.230069	0.124933
0.220646	0.169531
0.321222	0.204263
0.39571	0.140425
0.395067	0.156112
0.312134	0.210214
0.335774	0.198644
0.388759	0.170061
0.456612	0.0894868
0.339965	0.213454
0.154775	0.266954
0.360158	0.220838
0.61899	0.225479
0.479542	0.198424
0.307055	0.130702
0.377114	0.263816
0.352504	0.33193
0.145902	0.128353
-0.0151454	0.120528
0.231483	0.179469
0.44427	0.18687
0.376466	0.0943816
0.185774	0.0348025
0.0577671	0.00794712
0.122264	0.0762496
0.297147	0.0721066
0.467361	0.108258
0.346814	0.342487
0.218868	0.270213
0.157387	0.106238
0.137771	0.0985889
0.278546	0.0817444
0.260908	0.137269
0.121196	0.00654367
0.0234183	0.0234523
-0.0198684	0.0930236
0.0255214	-0.0719372
0.056252	-0.128264
0.106624	-0.123566
0.227531	-0.209357
0.0505921	-0.0825367
-0.0502203	0.0682661
-0.0164219	0.0719377
0.114639	0.0418677
-0.0181942	0.0913776
0.113638	0.258969
0.302821	0.36894
0.446532	0.317937
0.408653	0.229599
0.376355	0.33518
0.390912	0.338387
0.569615	0.198123
0.639787	0.286116
0.688786	0.277245
0.651934	0.284112
0.597282	0.29249
0.322968	0.365787
0.190638	0.316935
0.112151	0.221088
-0.11245	0.213868
-0.254625	0.112363
-0.226935	0.170112
-0.144883	0.192457
-0.217846	0.101083
-0.134837	0.108432
-0.189778	0.116865
-0.282942	0.0716012
-0.28193	0.214297
-0.227419	0.34682
-0.234693	0.25233
-0.331779	0.156127
-0.250785	0.107831
-0.0712987	0.0688835
-0.166142	0.0401251
-0.23598	0.100751
-0.240763	0.125211
-0.0498657	0.0491947
-0.169777	0.13852
-0.235006	0.0849176
-0.334055	-0.0614939
-0.190714	0.0126355
-0.102907	0.0748812
0.0875027	0.208288
0.467087	0.331494
0.611981	0.222171
0.678426	0.204636
0.727792	0.0315464
0.63826	0.0699128
0.571877	0.129661
0.637141	0.0491772
0.76111	-0.0400541
0.748033	0.0248439
0.690566	0.0843105
0.739034	0.0269398
0.634913	0.230044
0.651218	0.21753
0.671575	0.122766
0.593118	0.196911
0.520209	0.333691
0.515978	0.364916
0.500574	0.261551
0.52239	0.0279184
0.462951	-0.0129987
0.540719	0.0105172
0.479314	0.123937
0.291693	0.25713
0.137646	0.303878
0.250956	0.325899
0.379094	0.310253
0.248045	0.226234
0.315661	0.312267
0.185602	0.484921
-0.131067	0.550847
-0.215432	0.244748
-0.0856614	0.152818
-0.00977414	0.221088
0.287383	0.0436124
0.374817	-0.104473
0.241683	0.0550999
-0.0533016	0.137675
-0.209991	0.183768
0.000170728	0.201817
0.174357	0.292974
0.0408592	0.349818
0.167544	0.434266
0.41201	0.418669
0.677444	0.497584
0.72332	0.447567
0.69641	0.414559
0.724879	0.442695
0.771714	0.390791
0.814675	0.345887
0.791688	0.406083
0.639385	0.444699
0.715366	0.418289
0.572615	0.505293
0.385183	0.362422
0.160614	0.229437
0.204404	0.0436515
0.284977	-0.150817
0.161958	-0.0763618
0.105303	0.0187659
0.111512	-0.0223663
0.0564207	-0.0202798
0.0773194	-0.0465869
-0.0263669	0.0100325
-0.170667	-0.0299472
-0.188282	0.0367434
-0.139574	-0.0830883
0.0251843	0.162836
0.171463	0.281814
0.238326	0.2259
0.31574	0.202586
0.293516	0.105551
0.197978	-0.0471404
0.0429937	-0.0499785
0.0988475	0.0549006
0.130916	0.0326313
0.128232	-0.197524
0.194739	-0.0351729
0.342484	0.225194
0.375104	0.223629
0.372782	0.218762
0.41723	0.249989
0.367791	0.200858
0.382407	0.157591
0.296347	0.266581
0.327405	0.208715
0.492617	0.180235
0.529903	0.104392
0.564164	0.0928704
0.621071	0.148826
0.43012	0.26641
0.442346	0.345013
0.419168	0.417528
0.296801	0.411184
0.280005	0.242243
0.438412	0.152259
0.247968	0.12412
0.0651857	-0.0472132
-0.0709169	-0.131998
-0.0249883	-0.0047285
-0.0167261	0.0521867
0.187767	-0.0780491
0.348354	0.221676
0.28095	0.27745
0.127315	0.268058
0.179188	0.347019
0.245282	0.393436
0.370006	0.482433
0.2252	0.533701
0.218503	0.383077
0.289042	0.21362
0.0928226	0.264117
-0.130691	0.304106
-0.283302	0.333536
-0.0650875	0.400433
0.172184	0.531204
0.107127	0.658921
0.143012	0.426577
0.274568	0.253616
0.346512	0.132616
0.225626	0.214278
0.166025	0.191427
0.0912394	0.0911905
-0.0113459	0.0240593
0.0773845	-0.0646247
0.28972	-0.200397
0.279692	-0.0629251
0.203933	0.0299624
0.141652	-0.0106899
0.0415334	-0.0419811
0.115277	-0.00214594
0.16739	0.025988
-0.062585	0.192064
-0.140093	0.322919
-0.00477203	0.236627
0.198188	0.049887
0.191606	0.163501
0.231779	0.194709
0.333519	0.263172
0.351864	0.230886
0.343427	0.161002
0.346116	0.187889
0.346813	0.217359
0.394716	0.12847
0.466856	0.100483
0.433123	0.312638
0.28635	0.260341
0.204923	0.249545
0.0133184	0.300174
-0.186424	0.343816
-0.0638924	0.264214
0.0942706	0.24948
-0.00291774	0.381627
0.0209867	0.415304
0.198122	0.315221
0.256706	0.341975
0.286913	0.415341
0.261768	0.390783
0.25221	0.378092
0.20939	0.505221
0.119886	0.531473
0.172496	0.532094
0.100393	0.513494
0.0707237	0.472706
0.0775336	0.562699
-0.0504346	0.554578
0.0321633	0.585577
0.187151	0.631715
0.124055	0.617582
0.00330701	0.49064
0.0212403	0.497452
-0.0855398	0.405604
-0.131485	0.401291
-0.163881	0.288704
-0.064778	0.197779
-0.153539	0.186781
-0.209664	0.0179464
-0.246335	0.122379
-0.239483	0.0776744
-0.121591	0.116395
-0.34922	0.222219
-0.344708	0.166147
-0.187059	0.0871894
-0.173393	0.130163
-0.135356	-0.0572271
-0.205927	0.298763
-0.249504	0.175061
-0.136221	0.11054
-0.172075	0.10039
-0.284698	0.232326
-0.295311	0.219099
-0.299569	0.0046942
-0.28499	0.016686
-0.240239	0.0475155
-0.223382	0.0988335
-0.281663	0.199288
-0.208046	0.30538
0.210253	0.425475
0.348045	0.30472
0.203964	0.380424
0.34579	0.637396
0.517069	0.496226
0.478378	0.248678
0.306842	0.153627
0.517096	0.224064
0.42167	0.331517
0.209684	0.272043
0.117865	0.141038
0.109762	0.144174
0.274004	0.0813118
0.325752	0.142635
0.112272	0.0590278
0.0371917	-0.0970811
-0.281042	0.0251722
-0.254681	0.340271
0.25092	0.407938
0.192613	0.421786
0.191445	0.407937
0.340861	0.284146
0.265287	0.4425
0.127281	0.432961
0.209118	0.487128
0.275666	0.288406
0.363726	0.167031
0.540138	0.152417
0.60987	0.17068
0.728387	0.300343
0.734281	0.274297
0.734341	0.286665
0.713969	0.267038
0.705298	0.254195
0.72382	0.249774
0.713075	0.253711
0.537627	0.246409
0.239512	0.428561
0.0348019	0.39567
0.0104501	0.331646
0.0525413	0.312349
0.231036	0.160971
0.138929	0.0938856
0.0429411	-0.00763596
0.218197	-0.0728031
0.051348	0.0052672
-0.162918	-0.0148347
0.0431172	-0.0473204
0.341167	0.105413
0.468495	0.199238
0.538968	0.239025
0.524302	0.228379
0.424604	0.305216
0.235117	0.230103
0.232733	0.0788437
0.198602	0.13005
0.343091	0.260863
0.54909	0.203498
0.596842	0.121555
0.436084	0.219526
0.373356	0.254281
0.391522	0.245063
0.464106	0.253853
0.585278	0.211621
0.651196	0.233094
0.481864	0.296932
0.466034	0.280291
0.478705	0.276274
0.439649	0.341124
0.553807	0.352989
0.560636	0.324858
0.533818	0.255798
0.568366	0.32834
0.305807	0.40813
0.101206	0.169857
0.043728	0.219934
-0.0520984	0.305725
-0.0625585	0.429922
0.233043	0.508669
0.225379	0.207566
0.286517	0.124185
0.507345	0.140945
0.34111	0.296296
0.276053	0.336146
0.464859	0.278126
0.373644	0.287159
0.294713	0.227061
0.375956	0.141983
0.483943	0.106944
0.521745	0.0934876
0.435692	0.110215
0.321293	0.138725
0.344165	0.0359976
0.252152	-0.0318803
0.144021	0.1369
0.245894	0.233924
0.354088	0.189079
0.233522	0.277159
0.149929	0.319205
0.225617	0.269524
0.259755	0.241239
0.263126	0.275028
0.173182	0.353357
0.250042	0.370579
0.190302	0.498663
0.155671	0.574463
0.161286	0.478779
0.167528	0.302553
0.25724	0.208036
0.285658	0.321271
0.161246	0.266602
0.139021	0.137576
0.290418	0.110291
0.197533	0.313915
0.0460364	0.370764
-0.0663884	0.325466
-0.00170004	0.313627
0.162104	0.312694
0.217735	0.310323
0.482727	0.243488
0.613708	0.227863
0.710248	0.315826
0.771957	0.346434
0.826147	0.305745
0.813692	0.218445
0.713645	0.20201
0.650544	0.3006
0.554635	0.272979
0.448273	0.348786
0.224301	0.180904
-0.0265279	0.144447
-0.119934	0.0523187
-0.108469	0.0342856
-0.189735	-0.0955361
-0.0111069	0.198786
0.280462	0.431666
0.358071	0.161564
0.198001	-0.00605146
0.156918	-0.0106355
0.190901	0.0978498
0.177394	0.0912857
0.189269	0.227208
0.188337	0.150922
0.267845	0.132336
0.190825	0.1915
0.144967	-0.00429803
0.0687887	-0.0176981
0.050519	0.0948411
-0.0148427	0.198771
-0.0586989	-0.0913229
-0.105107	-0.0517919
0.308971	0.389865
0.504331	0.364209
0.370831	0.115656
0.178717	-0.0477742
-0.119629	0.0167222
-0.21827	0.034666
-0.228999	0.138346
-0.0834729	0.0405169
-0.121967	0.104473
-0.236143	0.120124
-0.124629	0.029759
-0.0811896	0.0548911
0.0206303	0.138569
0.193502	0.287324
0.540747	0.19859
0.625644	0.130081
0.597185	0.210238
0.615355	0.248727
0.561746	0.328741
0.364047	0.318977
0.276314	0.149517
0.268555	0.0395275
0.425902	0.062131
0.37221	0.121838
0.264155	0.184214
0.205794	0.179034
0.330619	0.35268
0.291304	0.342348
0.00121752	0.250463
-0.143743	0.313528
-0.226467	0.496577
0.118703	0.374981
0.34187	0.219831
0.238939	0.295189
0.0766777	0.222156
0.0250049	0.206083
0.0950817	0.224
0.151336	0.276069
0.407142	0.100671
0.710572	0.170739
0.887352	0.280351
0.856923	0.176726
0.743818	0.0977019
0.760407	0.173738
0.729366	0.308423
0.791713	0.191007
0.76197	0.312212
0.619536	0.513607
0.528321	0.437081
0.343815	0.41766
0.318277	0.305835
0.28582	0.312615
0.169335	0.358713
0.276667	0.311474
0.422119	0.356451
0.374557	0.417317
0.462264	0.335507
0.258347	0.175001
0.240573	0.0721197
0.158142	-0.0698155
0.143894	-0.186063
0.158347	-0.179559
0.140071	0.0767807
0.0398431	0.0200541
0.117653	0.0769814
0.22078	0.0872648
0.148677	-0.0105562
0.176475	-0.0456835
0.215704	0.100695
0.0881726	0.262571
0.0450003	0.264099
0.0187458	0.19173
0.00286756	0.258597
0.210543	0.278561
0.320224	0.0697325
0.378998	-0.00815377
0.507115	0.0742701
0.528446	0.17581
0.422148	0.232911
0.527563	0.273497
0.445991	0.357238
0.557798	0.341884
0.361496	0.178682
0.403854	0.0370616
0.475401	0.117685
0.594387	0.21475
0.357875	0.272293
0.0358404	0.194523
-0.149906	0.117287
-0.152203	0.167213
-0.137044	0.149107
-0.18035	0.171114
-0.0732741	0.15975
-0.209343	0.294082
-0.153124	0.266349
-0.0939129	0.286455
-0.0649912	0.347064
-0.214286	-0.0950387
-0.297995	0.0128747
-0.158705	-0.0512283
-0.21756	-0.0107384
-0.091981	0.0922225
-0.307399	0.164628
-0.29928	0.17262
-0.276272	0.0665056
-0.462019	0.2387
-0.462902	0.174799
-0.373878	0.0782938
-0.329747	0.287091
-0.374367	0.214351
-0.376267	-0.0291777
-0.290917	-0.0348153
-0.161236	0.190321
-0.315887	0.217588
-0.224955	0.206997
-0.146521	0.315817
-0.153295	0.206735
-0.0938102	0.0491142
0.0504525	0.0850698
0.0755643	0.359941
0.221462	0.423027
0.42715	0.457023
0.4121	0.454454
0.205198	0.419508
0.0630472	0.286599
0.334218	0.346339
0.329846	0.511944
0.430542	0.457778
0.523832	0.310208
0.53162	0.199588
0.615616	0.183278
0.491886	0.23125
0.520213	0.212477
0.560729	0.214263
0.494119	0.313076
0.327533	0.526785
0.177532	0.526071
0.0638846	0.503764
-0.0166061	0.459946
-0.0959011	0.334431
0.0097706	0.317843
0.0304897	0.14501
0.091364	-0.027032
0.374815	0.104481
0.423316	0.238583
0.365361	0.119721
0.120485	0.0671899
-0.0718021	0.0407443
0.177492	0.149624
0.158505	0.222764
0.0635705	0.274745
0.0832003	0.34793
0.255158	0.327898
0.250243	0.236233
0.348551	0.203875
0.414759	0.251975
0.437055	0.295573
0.417722	0.341872
0.628783	0.309076
0.665219	0.283483
0.68277	0.270822
0.706735	0.25584
0.638526	0.253976
0.495489	0.319427
0.387169	0.31311
0.303104	0.193509
0.231582	0.170908
0.142455	0.180524
0.201121	0.186623
0.106801	0.354061
0.0728788	0.196723
0.230632	0.0275704
0.305017	0.0245539
0.249026	0.0294322
0.244548	0.0677044
0.222108	0.148569
0.342693	0.160023
0.2822	0.229808
-0.0499533	0.367092
-0.204216	0.340525
-0.213435	0.281805
-0.173446	0.349688
-0.234508	0.359354
-0.237717	0.4072
-0.39005	0.270988
-0.155469	0.198356
0.246487	0.115535
0.15143	0.0180138
0.127362	0.130584
0.127254	0.139697
0.128543	-0.00867463
0.0347672	0.0403462
0.145221	0.260435
0.379796	0.377794
0.590282	0.331753
0.666952	0.240779
0.684544	0.19531
0.784902	0.187992
0.680544	0.205444
0.412128	0.317368
0.317643	0.341421
0.280051	0.335051
0.332393	0.239782
0.313815	0.208471
0.314558	0.233606
0.427164	0.252553
0.243593	0.386316
0.0922847	0.470821
0.0966612	0.346058
0.206255	0.314768
0.417994	0.366785
0.517586	0.305344
0.557108	0.367249
0.665753	0.345936
0.805433	0.293671
0.798805	0.291431
0.766974	0.341121
0.576558	0.375363
0.498769	0.231999
0.419134	0.269417
0.318338	0.44426
0.344633	0.457437
0.23796	0.436614
-0.0373098	0.451829
0.0810915	0.349829
0.37883	0.237686
0.512554	0.154855
0.374498	0.129543
0.295388	0.194474
0.437626	0.153953
0.311606	-0.0257918
0.156537	0.0458667
0.39578	-0.0327572
0.193591	0.0240419
0.127717	0.0225112
0.147974	0.0526864
0.0385608	0.0563059
0.0675841	0.00924401
0.142535	-0.0383746
0.0586844	-0.0150292
0.0535136	-0.121254
0.0664223	-0.184079
-0.0682958	-0.0576851
-0.0284118	0.0200419
0.118141	-0.125895
0.169405	-0.023197
0.423597	0.0728266
0.641894	0.249548
0.349043	0.232975
0.11848	0.400645
0.155153	0.405073
-0.0455415	0.277903
-0.0477315	0.156475
-0.110444	0.0608661
0.0698139	-0.0685221
0.345283	0.0305296
0.215932	0.00488893
0.0391135	0.0219906
0.146747	0.0902259
0.345349	0.118646
0.288426	0.196103
0.357317	0.220897
0.471036	0.222893
0.387536	0.250319
0.395184	0.333463
0.621336	0.172909
0.57066	0.299045
0.607055	0.283643
0.668679	0.257804
0.477303	0.379825
0.152275	0.236413
-0.131723	0.0271955
-0.202693	0.100999
-0.0390196	0.138339
0.0660993	0.145196
-0.0960145	0.278486
-0.192709	0.156073
0.0830254	0.10952
0.202183	0.23562
-0.00329494	0.423064
-0.0833302	0.449783
-0.114767	0.393015
-0.211973	0.305012
-0.184372	0.449475
-0.0999605	0.451911
-0.240298	0.350105
-0.157695	0.293559
0.0205351	0.366556
0.140913	0.450498
0.0746215	0.377884
0.236878	0.32222
0.466933	0.429257
0.600277	0.367354
0.517465	0.443904
0.546639	0.389649
0.765745	0.207098
0.47762	0.292637
0.348528	0.385735
0.537419	0.345931
0.589205	0.319676
0.638492	0.315058
0.669927	0.269106
0.442951	0.38092
0.450036	0.332187
0.65688	0.291013
0.566776	0.317311
0.479095	0.349331
0.519745	0.321991
0.391461	0.305203
0.304263	0.308832
0.419509	0.206579
0.493224	0.241792
0.322928	0.382623
0.351981	0.394005
0.186675	0.39382
0.0577454	0.40956
0.0592882	0.301295
0.160482	0.392296
0.184554	0.368376
0.204315	0.26466
0.203915	0.140739
0.277705	0.29902
0.319681	0.423332
0.228849	0.352164
-0.0751004	0.369296
0.091263	0.37275
0.0702999	0.269187
-0.0149065	0.0079346
-0.0291801	0.300907
-0.0661981	0.460382
-0.251573	0.411971
-0.300996	0.273059
-0.211552	0.211055
-0.148346	0.241888
-0.0214385	0.254603
-0.0566685	0.0981511
-0.123944	0.168973
-0.299805	-0.01531
-0.0657403	0.0266617
-0.0170805	0.148117
-0.102538	0.120311
-0.293694	0.0806974
-0.448176	0.170089
-0.379923	0.135338
-0.424661	0.194824
-0.369493	0.0722835
-0.110717	0.139631
0.0105247	0.295487
0.119846	0.399816
0.0733699	0.276514
0.0121158	0.23966
0.00749825	0.203729
0.0666386	0.110299
0.197585	0.156618
0.14443	0.251059
0.158978	0.378127
0.279324	0.36066
0.384391	0.289628
0.248422	0.284614
0.203778	0.409987
0.260616	0.474725
0.359042	0.422904
0.3002	0.406791
0.306626	0.179341
0.371174	0.214003
0.122826	0.262725
0.0366777	0.209869
0.236554	0.341116
0.133251	0.417467
-0.0317552	0.296407
-0.00183128	0.356268
-0.0730644	0.337916
-0.149523	0.238446
-0.130978	0.395474
0.118109	0.432847
0.123323	0.172867
0.0269717	-0.00502539
-0.0934953	0.167233
-0.0107686	-0.00411033
-0.00596691	-0.130773
-0.123251	0.049006
-0.156799	0.276878
-0.231111	0.0778175
-0.214465	-0.0323498
-0.264891	0.0621359
-0.163028	0.153424
-0.0224231	0.248258
-0.215206	0.482072
-0.232661	0.566764
-0.0014081	0.525344
0.245383	0.454509
0.22275	0.298733
0.215285	0.422112
0.321935	0.298152
0.506638	0.0261553
0.587935	0.0353156
0.568672	0.114929
0.491997	0.0935482
0.563362	0.0851428
0.551652	0.157365
0.461472	0.235229
0.326288	0.513124
0.076084	0.412944
0.258382	0.273971
0.362719	0.350797
0.498765	0.3117
0.491066	0.249237
0.301605	0.0323286
0.181419	-0.0519608
0.0694281	-0.0276544
-0.126567	0.0107263
-0.0128225	0.137436
0.36981	0.265418
0.253166	0.206268
-0.0490801	0.170362
-0.22479	0.0871325
-0.209064	0.0960432
-0.0589799	0.159373
-0.235384	0.309985
-0.164913	0.153896
-0.169801	0.203475
-0.258659	0.201854
-0.0829954	0.43412
-0.0784184	0.538445
0.082284	0.480329
0.367569	0.218745
0.368927	0.246112
0.456555	0.291544
0.556128	0.238234
0.499839	0.270834
0.461389	0.407609
0.730469	0.300071
0.758888	0.195783
0.799828	0.324343
0.798302	0.359636
0.55278	0.412915
0.509661	0.437125
0.649047	0.34965
0.751175	0.287308
0.629956	0.312657
0.58554	0.192207
0.622746	0.0778224
0.529163	0.174487
0.337279	0.372118
0.142258	0.23135
0.0538025	0.228316
0.145549	0.321796
0.0924257	0.451255
0.161697	0.465256
0.158839	0.277743
0.0908684	0.367104
0.0641779	0.431842
0.0124557	0.606749
-0.048835	0.480629
0.0574375	0.297196
0.187019	0.246109
0.205348	0.45484
0.255018	0.423764
0.297744	0.303748
0.553361	0.239928
0.530437	0.252207
0.526138	0.360137
0.332148	0.439778
0.0384273	0.380128
0.0613198	0.296476
0.0319896	0.361532
0.00524387	0.396292
0.143157	0.234917
0.0841498	0.0518411
-0.232348	0.137115
-0.242963	0.21255
-0.131143	0.149627
0.126305	0.234653
0.170464	0.298148
-0.104586	0.244742
-0.363762	0.24897
-0.333002	0.281851
-0.286195	0.207944
-0.230383	0.137586
-0.054814	0.0525427
-0.0221694	0.0265362
-0.247569	-0.0359994
-0.231284	-0.0266105
-0.134739	-0.0373511
0.12325	0.124702
-0.0171393	0.400927
0.120257	0.448796
0.487751	0.393415
0.556009	0.301605
0.597257	0.237207
0.622707	0.175145
0.620867	0.195739
0.57222	0.162533
0.564162	0.221153
0.612375	0.187344
0.591015	0.0535606
0.540933	0.00170729
0.675834	-0.0747776
0.641934	-0.0409772
0.61326	0.138653
0.744817	0.150702
0.646829	0.219131
0.334457	0.431443
0.25695	0.449165
0.196036	0.430245
0.267134	0.366754
0.372358	0.35782
0.614453	0.429246
0.679962	0.357993
0.611576	0.430793
0.660757	0.419186
0.435961	0.402211
0.403408	0.365495
0.342815	0.372356
0.339966	0.400841
0.389987	0.454617
0.278184	0.443852
0.18968	0.369694
0.0957079	0.328819
0.32752	0.41363
0.1431	0.42978
0.16029	0.350254
0.116864	0.301722
0.0861905	0.401402
0.145867	0.518395
0.195629	0.452679
0.239827	0.457352
0.147279	0.46401
0.0408716	0.421955
0.116385	0.396488
0.0827029	0.521194
-0.0252942	0.435951
0.157974	0.304294
0.330206	0.33787
0.464874	0.100655
0.222086	0.148616
0.0872221	0.273901
0.0411013	0.223226
0.0361175	0.0650384
0.124594	0.0986569
0.203661	0.0797
0.0408521	0.148616
-0.13329	0.274591
-0.089899	0.160957
0.0168416	0.234024
0.144146	0.228642
0.140747	0.261209
0.0591802	0.258543
-0.103644	0.147033
-0.152533	0.12678
-0.173979	0.127003
-0.171468	0.252108
-0.0573117	0.381956
0.0696615	0.199247
-0.145575	0.374452
-0.245311	0.244978
-0.116751	0.291074
0.00748673	0.295739
0.13886	0.265452
0.0654664	0.201884
-0.0523423	0.265183
0.177607	0.359985
0.050932	0.232445
-0.264281	0.0882583
-0.234225	-0.00688989
-0.226028	0.10532
-0.226076	0.138899
-0.24665	0.149488
-0.199739	0.206232
0.00444062	0.190369
-0.183561	0.0819653
-0.329092	0.0842449
-0.357351	0.480781
-0.424078	0.325397
-0.435126	0.178269
-0.478731	0.106409
-0.411849	0.184034
-0.33478	0.318454
-0.432948	0.344222
-0.412472	0.314653
-0.446298	0.432985
-0.178131	0.631873
0.134456	0.551802
0.155727	0.380092
0.0731414	0.309201
-0.0322251	0.295486
0.0242685	0.182703
0.112166	0.139937
0.128542	0.148862
0.0127323	0.181382
0.0970484	0.130074
0.159797	0.167602
0.0874994	0.120663
0.0296283	0.25186
0.0643372	0.28313
0.0619891	0.342349
-0.0226394	0.508398
0.10003	0.499926
0.185614	0.332629
0.243563	0.173407
0.454056	0.168258
0.483776	0.198206
0.278532	0.244558
0.453203	0.224713
0.555194	0.229259
0.351176	0.311951
0.0230322	0.306334
0.00734173	0.318706
-0.0319107	0.360712
0.122645	0.248195
0.347488	0.13831
0.133193	0.136114
0.0693727	0.0439735
0.0545594	-0.0999305
0.0711676	-0.190778
0.232232	-0.200626
0.236906	-0.153854
0.234733	-0.198114
0.242899	-0.0711888
0.265032	0.2723
0.329725	0.324519
0.395043	0.399153
0.61903	0.296091
0.680931	0.267679
0.712851	0.325845
0.572166	0.355535
0.393522	0.321487
0.289005	0.295056
0.0467169	0.254224
-0.0521769	0.0763602
-0.134494	0.163198
-0.0609101	0.289938
-0.0463906	0.104686
-0.100005	-0.0603595
-0.198008	0.00336708
-0.268081	0.265815
0.0177043	0.357324
0.207985	0.192526
0.192051	0.091861
0.168991	0.0802069
0.12256	-0.0701286
0.0756558	-0.105764
0.150174	0.107808
0.164377	0.107895
0.202189	0.0536506
0.204942	0.0207475
0.191523	-0.00308422
0.343172	-0.0249981
0.295526	0.093717
0.11196	0.0641267
0.0909206	-0.0664623
-0.0470505	-0.00526111
-0.0261588	0.122468
0.108681	0.211658
0.263438	0.204267
0.157866	-0.0390629
0.178156	-0.0588849
0.117232	0.00647748
0.170088	-0.146548
0.299666	-0.0143699
0.312785	0.0240333
0.409378	0.0798368
0.435457	0.204006
0.500903	0.10105
0.56966	0.0843408
0.560471	0.111641
0.431791	0.200637
0.290415	0.269553
0.301308	0.164467
0.357559	0.0542053
0.465841	0.0544947
0.591643	0.229068
0.369638	0.349569
0.23582	0.382955
0.261764	0.252837
0.283234	0.153778
0.243113	0.202899
0.14395	0.159447
0.138046	0.440272
0.0713475	0.513507
0.0605802	0.302276
0.176435	0.0713795
0.200309	0.0448502
0.044134	-0.00590301
0.00576939	0.0433057
0.0357315	0.147741
0.123573	-0.029065
0.197023	-0.0546284
0.385141	0.0056009
0.477818	0.0935504
0.43903	0.0455724
0.430487	0.190382
0.547048	0.212334
0.617525	0.112559
0.596282	0.206944
0.409515	0.475014
0.297877	0.327602
0.304502	0.124162
0.317392	0.0121836
0.00773233	-0.00168452
-0.00233812	0.0459313
0.269893	0.114139
0.375574	0.188922
0.31636	0.147945
0.368666	0.0636528
0.389406	0.0809271
0.378039	0.182657
0.365551	0.117479
0.221048	0.395148
0.211535	0.388471
0.0842133	0.29422
0.075825	0.246271
0.0235382	0.170736
-0.108743	0.0945327
-0.15481	0.121466
0.0923579	0.195816
0.418213	0.145326
0.300821	0.0334921
0.0918529	-0.038235
0.0663341	-0.0306167
0.213869	0.0906344
0.363709	0.0958078
0.297183	0.100944
0.364745	0.132403
0.380299	0.178236
0.411623	0.150559
0.47565	0.104764
0.342409	0.177121
0.294067	0.349078
0.325014	0.378245
0.35902	0.438047
0.26961	0.473149
0.115691	0.479696
0.305463	0.49617
0.196239	0.659738
0.234134	0.501775
0.282935	0.285583
0.151926	0.397777
0.15559	0.299683
0.239864	0.230816
0.209146	0.349484
0.251283	0.375631
0.293614	0.275206
0.252963	0.38952
0.204862	0.420785
0.277727	0.411097
0.33111	0.373134
0.260804	0.410041
0.273413	0.365903
0.189067	0.188549
0.121446	0.281653
0.0778676	0.29365
-0.000317489	0.0025768
0.0654303	-0.0416119
0.0519888	-0.0527115
-0.00710743	-0.103707
0.0692033	-0.170586
0.0269425	-0.177324
-0.0158287	-0.258742
0.131706	-0.32133
0.0414638	-0.307297
0.0297546	-0.512059
0.0258265	-0.416989
0.0416934	-0.105143
-0.0229452	-0.0982805
-0.219212	-0.143218
-0.232847	-0.0961725
-0.141845	-0.035127
-0.207527	0.0433999
-0.220716	0.101198
-0.203559	0.0436732
-0.2834	0.10301
-0.27658	0.445931
-0.355428	0.2021
-0.400818	0.0555824
-0.269735	-0.0457469
-0.211337	-0.0713016
-0.198459	0.112727
-0.0757474	0.252792
0.00498737	0.0685247
-0.0515428	0.243961
-0.194489	0.450083
-0.201874	0.211373
-0.0543173	-0.00191542
-0.0555688	0.0536387
-0.208123	0.244019
-0.0963505	0.354
-0.0908572	0.107189
-0.132496	0.0230521
-0.0273426	0.0926191
0.400709	0.290746
0.51415	0.31732
0.36662	0.28608
0.31266	0.180331
0.315875	0.119134
0.270489	0.0264975
0.152717	-0.0422331
0.157101	-0.155836
0.229653	-0.079907
0.230662	-0.0518034
0.283694	-0.0453443
0.314768	0.00199696
0.390601	0.116773
0.443967	0.1869
0.221596	0.196234
0.299905	0.292971
0.346321	0.463868
0.233169	0.257401
0.257801	0.261783
0.103371	0.136915
0.133672	0.15591
0.176743	0.184648
0.459905	0.065583
0.506538	-0.0433179
0.42301	-0.081557
0.381698	-0.0281876
0.214712	-0.059923
0.236024	-0.0754236
0.348402	-0.194045
0.179619	-0.20201
0.219349	0.0844921
0.392528	0.0961694
0.434369	0.0835874
0.619565	0.310258
0.61136	0.324573
0.440002	0.225182
0.298521	0.266071
0.284356	0.217534
0.353247	0.129067
0.48104	0.324408
0.604544	0.192924
0.53833	0.128527
0.456077	-0.0528148
0.443294	-0.0350348
0.444968	0.0747105
0.387409	-0.0244679
0.438363	-0.0338595
0.458534	-0.0518944
0.332736	0.0460489
0.329173	-0.113348
0.0954573	-0.101634
0.0352496	0.0409669
0.0475997	0.136497
0.088818	-0.0607417
0.12367	-0.0630434
0.0880373	-0.0112305
0.144546	-0.0123876
0.18511	0.0563313
0.336348	0.0481942
0.478299	0.070193
0.401992	0.194365
0.281543	0.242599
0.299763	0.206217
0.329774	0.065004
0.089955	0.224842
0.0615031	0.307889
-0.0152265	0.0982583
0.0342462	0.0574694
-0.00151913	0.230797
0.245607	0.339134
0.474895	0.037839
0.399806	0.0344199
0.286231	0.0963206
0.229345	0.0676674
0.387593	0.158117
0.501466	0.167122
0.49669	0.111238
0.493876	0.189526
0.302664	0.150738
0.20578	0.21186
0.0506568	0.236467
0.104381	0.238349
0.131278	0.253119
0.0593345	0.107047
0.121381	0.163756
0.0560244	0.286124
0.0757026	0.201605
0.0128806	0.121628
0.111041	0.2795
0.209821	0.329535
0.189548	0.297737
0.218986	0.260649
0.360807	0.198582
0.376744	0.198682
0.244584	0.107825
0.356696	0.224279
0.400601	0.36214
0.291631	0.538582
0.293491	0.567255
0.152989	0.633948
0.172156	0.435597
-0.0221702	0.342976
-0.0466004	0.2471
0.0375049	0.239614
0.0784693	0.35931
0.102495	0.358821
0.263012	0.385363
0.472531	0.24853
0.43208	0.174005
0.345361	0.130803
0.347074	0.0835309
0.271857	0.00825615
0.316951	0.0381185
0.370538	0.0883231
0.252395	0.124406
0.338194	0.145137
0.558504	0.25411
0.59983	0.282865
0.546588	0.362858
0.341185	0.245223
0.0496013	0.0746218
-0.0656292	0.0478875
0.00184086	0.00933346
0.0579811	-0.000202664
0.109289	0.0865149
0.129442	0.25106
0.15973	0.162336
0.153637	0.386253
0.29883	0.43502
0.547787	0.366194
0.425192	0.362251
0.259268	0.306509
0.0158503	0.226671
-0.0362871	0.291062
0.0382259	0.583823
0.0348103	0.6287
0.00250859	0.658542
0.0264955	0.522754
0.0242797	0.498071
0.147188	0.495228
0.155863	0.522707
0.223886	0.429407
0.341889	0.406652
0.343892	0.4465
0.313309	0.487301
0.429716	0.490382
0.418533	0.510998
0.405941	0.414725
0.263745	0.518548
0.216242	0.457104
0.207755	0.251961
0.232593	0.289816
0.292556	0.377834
0.383615	0.506905
0.496673	0.531786
0.47546	0.357928
0.436369	0.34364
0.456128	0.395667
0.550694	0.334351
0.27743	0.442605
0.0768201	0.466039
0.146464	0.341814
0.372901	0.259185
0.380092	0.295384
0.450319	0.390556
0.634345	0.472403
0.46394	0.302914
0.147979	0.195762
0.165944	0.102688
0.288133	-0.0131491
0.245065	0.0295196
0.254852	-0.0239587
0.156073	0.0506302
0.331689	0.124614
0.36902	0.201386
0.17557	0.363445
0.0242154	0.263734
-0.0176986	0.3496
-0.0324615	0.398484
-0.0281018	0.295
0.0361824	0.260736
-0.110595	0.167542
-0.245745	0.0781412
-0.285811	0.235116
-0.503877	0.314017
-0.441241	0.148896
-0.358184	0.145664
0.0904	0.0397506
0.166077	-0.0380324
0.149234	-0.0607793
0.293437	-0.00730451
0.398108	0.153138
0.477581	0.281174
0.657935	0.280763
0.740764	0.263794
0.706771	0.276912
0.624332	0.263584
0.447637	0.359422
0.24668	0.0678539
0.12579	-0.0830735
0.24223	-0.0497424
0.352213	-0.0417347
0.265583	0.07195
0.273457	0.0288619
0.290101	0.0645729
0.330849	0.0926576
0.34431	0.108738
0.386501	0.175078
0.302425	0.161881
0.294241	0.246099
0.355249	0.159698
0.531747	-0.0157467
0.474782	0.0935682
0.438683	0.106734
0.440537	0.101585
0.455378	0.142492
0.484607	0.144384
0.439723	0.081862
0.221755	-0.0223967
0.213039	-0.124757
0.264818	-0.153947
0.303964	-0.0362325
0.221892	0.102015
0.241803	0.0332092
0.300839	-0.0039324
0.245237	0.0857402
0.208656	0.0411262
0.289394	-0.0398418
0.246541	-0.00813052
0.186093	-0.042746
0.223592	-0.0694786
0.337765	0.0717457
0.376378	0.165929
0.328244	0.139638
0.3232	0.155594
0.452367	-0.0974786
0.448977	-0.159734
0.233473	-0.0585583
0.245368	0.0237206
0.204647	-0.00234004
0.108798	-0.0977272
0.1451	-0.091938
0.215455	-0.0569262
0.22822	0.0608641
0.440062	0.0736755
0.579549	-0.0238413
0.444517	0.0524859
0.418539	0.0801053
0.337513	0.0797296
0.405605	0.0572106
0.556285	0.062062
0.551979	0.237679
0.524297	0.357549
0.751152	0.294865
0.613308	0.251852
0.268609	0.403937
0.202076	0.504489
0.26134	0.390912
0.224116	0.184935
0.336933	0.126815
0.293287	0.16162
0.209764	-0.0398791
0.396751	-0.0503777
0.32581	0.0869633
0.319459	0.0444504
0.387146	0.080937
0.355266	-0.107139
0.164792	-0.163828
0.176564	-0.162537
0.160233	-0.0754513
0.260352	0.0776993
0.387067	0.138222
0.399245	0.172476
0.439873	0.14948
0.497825	0.0533842
0.538082	-0.00848003
0.211919	-0.0488851
0.00501086	-0.0355004
0.0853756	0.0568704
0.235115	0.166186
0.409478	0.16319
0.571208	0.181225
0.630768	0.328074
0.466105	0.475564
0.381201	0.543832
0.23888	0.568712
0.143224	0.454966
0.10428	0.200932
0.0120719	0.333384
-0.126294	0.41246
0.0552118	0.376105
0.244761	0.28069
0.284108	0.314542
0.253556	0.386559
0.376963	0.408806
0.511005	0.397031
0.588861	0.458851
0.486565	0.523921
0.546394	0.484643
0.739545	0.414525
0.65181	0.431544
0.629216	0.475077
0.605293	0.479799
0.480875	0.466335
0.546515	0.244539
0.438498	0.0930963
0.197143	0.107333
0.271056	-0.0375425
0.280404	-0.0400135
0.19682	0.141406
0.160126	0.362822
0.195052	0.408416
0.124331	0.326271
0.231651	0.103002
0.385485	0.0029268
0.424328	0.0183678
0.371848	0.16557
0.398074	0.112102
0.351377	0.0372048
0.324319	0.106565
0.407309	-0.0138264
0.473899	-0.131901
0.216704	0.00936976
0.373674	0.161888
0.363175	0.15715
0.402959	0.00517929
0.142102	0.131022
0.0190806	0.176189
-0.102412	0.182901
-0.0928149	0.189198
-0.155334	0.251018
-0.142957	0.280198
-0.143942	0.265555
-0.149056	0.120681
-0.203086	0.153404
-0.159613	0.114609
0.060224	0.148787
0.0484196	0.230234
-0.162153	0.0417446
-0.207	0.0815899
-0.243061	0.111521
-0.163666	0.0734691
-0.0830815	0.127531
-0.251549	0.0748378
-0.310682	0.183375
-0.247621	0.0858382
-0.0809746	-0.170466
-0.273158	-0.11188
-0.400954	0.101218
-0.402288	0.0637943
-0.285167	0.106845
-0.129693	0.0973233
-0.0749049	0.312277
-0.200791	0.238493
-0.24901	0.160305
-0.251591	0.206048
-0.247164	0.166064
-0.176261	-0.0233175
-0.213639	0.15285
-0.199229	0.277675
-0.0127901	0.511244
0.380892	0.469791
0.310692	0.094421
0.273771	0.11394
0.290666	-0.0368769
0.069292	0.186938
0.0181404	0.061099
0.160113	-0.152907
0.208772	-0.135049
0.345231	-0.0494524
0.467995	-0.0266227
0.510004	0.115984
0.455153	0.0544341
0.476819	0.0850073
0.46647	0.114976
0.372973	0.135676
0.454242	0.069416
0.540474	0.101631
0.499123	0.183578
0.389142	0.140278
0.380288	0.152805
0.279183	0.173906
0.165685	0.132712
0.188951	0.173653
0.120561	0.400423
-0.0292791	0.498504
0.00767214	0.421017
0.111946	0.332809
0.146399	0.369765
0.199113	0.369956
0.242293	0.354271
0.246687	0.341434
0.190014	0.444822
0.139176	0.280466
0.0800208	0.197842
0.0289627	0.373451
0.0708521	0.542943
0.199629	0.483191
0.238655	0.361499
0.347285	0.319996
0.543826	0.286009
0.561365	0.426411
0.573357	0.397366
0.596004	0.295532
0.551023	0.164196
0.4044	0.154565
0.303218	0.121047
0.107018	0.127206
0.0596948	0.196793
0.0264659	0.1929
0.04829	0.282119
0.0497386	0.10708
-0.129852	0.183748
0.0652712	0.300886
0.227519	0.105174
0.252723	0.0530469
0.208451	0.158727
0.317769	0.299058
0.473879	0.393509
0.509035	0.211605
0.375004	0.190014
0.361055	0.312183
0.546229	0.399465
0.412189	0.392617
0.280093	0.278289
0.133056	0.303958
-0.0266717	0.0766541
0.14218	-0.152542
-0.0110663	-0.00277341
0.066575	0.0109572
0.144308	-0.0560431
0.376509	0.11183
0.66905	0.281895
0.64674	0.238501
0.505113	0.130037
0.549894	0.128461
0.568175	0.125753
0.635693	0.116877
0.613665	0.152642
0.730488	0.235452
0.792694	0.36094
0.453355	0.477342
0.198629	0.474792
0.2351	0.402737
0.203931	0.321788
0.305372	0.278881
0.365359	0.382794
0.278251	0.148195
0.328819	0.00760658
0.29302	0.0927629
0.383551	0.128891
0.497783	0.100256
0.415407	0.117296
0.311863	0.247044
0.201576	0.172617
0.095249	0.0110591
0.185294	0.00387645
0.133173	0.158164
-0.123176	0.161521
-0.0996698	0.077938
-0.0574597	0.18145
0.174494	0.36727
0.328321	0.284644
0.293764	0.228811
0.412545	0.163896
0.373502	0.196991
0.371119	0.299702
0.397457	0.333239
0.270147	0.241951
0.104833	0.191816
-0.0998731	0.057053
-0.269018	0.00700986
-0.330488	-0.061779
-0.0790548	0.0739057
-0.0924928	0.2805
-0.157319	0.312327
0.022403	0.312531
0.185276	0.449791
0.226661	0.364847
0.269448	0.265842
0.512555	0.125859
0.411586	0.159336
0.302038	0.370805
0.331074	0.472404
0.440514	0.434557
0.594489	0.33348
0.570136	0.24933
0.500064	0.202982
0.528222	0.260308
0.585247	0.308432
0.560117	0.253086
0.520099	0.202425
0.457016	0.147179
0.321875	0.136388
0.135401	0.284613
-0.0552703	0.388324
-0.307726	0.127981
-0.24587	-0.00738971
-0.161808	0.251235
0.131107	0.344404
0.581311	0.208282
0.663961	0.250565
0.555204	0.320218
0.480899	0.179146
0.315894	0.130245
0.111281	0.117757
0.118002	0.113053
0.239665	0.0931318
0.397303	0.07942
0.643341	0.187307
0.406745	0.276825
0.0955267	0.465146
0.297521	0.487778
0.515911	0.485761
0.687421	0.217653
0.543927	0.077983
0.317878	0.00544365
-0.0287002	0.0285815
-0.128201	0.200188
-0.173989	0.340947
-0.4021	0.351372
-0.207035	0.444831
0.28657	0.4343
0.54972	0.220601
0.455345	0.223505
0.354095	0.235854
0.338538	0.233156
0.30546	0.264198
0.225651	0.250271
0.394591	0.206786
0.24939	0.445377
0.215729	0.446326
0.318362	0.132928
0.395433	-0.101709
0.121684	-0.0189331
-0.0794953	0.0377406
0.00597455	-0.068392
0.092652	-0.107395
-0.100485	-0.291113
-0.120997	-0.280467
0.0866643	-0.300947
0.114574	-0.265092
0.045654	-0.144247
0.0767367	-0.0945443
0.184682	-0.0575127
0.499556	0.0172715
0.39137	0.0954002
0.552991	0.113247
0.464181	0.155373
0.407479	0.151421
0.341087	0.0752535
0.31529	0.137564
0.278308	0.307733
0.257257	0.451883
0.225931	0.152665
0.129162	0.0585467
-0.076231	0.0629659
-0.302861	0.368937
-0.266288	0.148431
-0.177257	0.064237
-0.268212	0.204471
-0.0507654	0.422161
0.28999	0.443741
0.528489	0.24873
0.616715	0.0940125
0.737147	0.0365103
0.587911	0.0969797
0.524141	0.24513
0.655522	0.171153
0.522801	0.146092
0.367807	0.0630552
0.272826	0.0668457
0.166888	0.0903443
0.235287	-0.0105168
0.323579	-0.0145355
0.0850103	-0.00702864
0.0286765	0.0885348
0.156386	-0.0183509
0.2053	0.00268626
0.254582	0.0806964
0.300502	0.274206
0.372392	0.180708
0.277154	0.146506
0.156286	0.154548
0.0805423	0.104536
-0.0774503	0.120819
-0.180397	0.219125
-0.323809	0.3803
0.0895279	0.396971
0.236488	0.176338
0.180104	-0.0771068
0.142243	-0.20024
0.0444808	-0.0672038
0.0114704	-0.0514904
0.17495	-0.114054
0.437014	-0.0452155
0.595056	0.155066
0.679569	0.287414
0.454679	0.296598
0.371791	0.178931
0.401641	0.270889
0.434334	0.249784
0.365444	0.172115
0.32059	0.249392
0.302508	0.271008
0.442233	0.282485
0.572816	0.207207
0.687565	0.241397
0.671334	0.380502
0.630672	0.434328
0.718553	0.345575
0.397394	0.275512
0.163391	0.183933
0.262245	0.0418084
0.508929	-0.116368
0.29531	0.019829
0.167007	0.136825
0.201966	0.121153
0.141198	0.137526
0.268875	0.0795587
0.348581	0.124397
0.442807	0.104161
0.616299	0.081251
0.535148	0.190215
0.405461	0.188026
0.290247	0.298406
0.111208	0.142773
0.135863	0.0762895
0.127255	0.231586
0.255011	0.350311
0.43312	0.32479
0.456591	0.307955
0.402755	0.318445
0.331358	0.284664
0.51325	0.204168
0.611198	0.227006
0.528407	0.310397
0.592491	0.296206
0.533126	0.47348
0.243566	0.468071
0.0597912	0.22783
-0.243059	0.158491
-0.307456	0.29309
0.00557806	0.397492
0.242038	0.341143
0.397328	0.288264
0.241275	0.191388
0.198667	0.372069
0.172606	0.525129
0.219153	0.348737
0.290495	0.347173
0.252868	0.372467
0.32226	0.413272
0.312995	0.493122
0.410208	0.250824
0.433927	0.321564
0.54378	0.342491
0.513093	0.313458
0.293391	0.414146
0.10234	0.284548
-0.0915383	0.376496
-0.0584087	0.322437
0.0319586	0.274909
-0.236643	0.389278
-0.173691	0.449267
0.151021	0.454622
0.243014	0.150824
0.177046	0.0297228
0.272018	0.0400563
0.373536	-0.0483199
0.436002	-0.0425399
0.295223	0.164044
0.205915	0.201551
0.123704	0.0844642
0.132543	-0.108215
0.123487	-0.0900008
0.118665	0.03517
0.0741931	0.123877
0.273557	0.145757
0.43642	0.333285
0.364725	0.263932
0.378997	0.247669
0.412373	0.264003
0.425088	0.300692
0.404883	0.331771
0.51077	0.221443
0.61259	0.298069
0.765515	0.293157
0.758916	0.226606
0.493748	0.219077
0.331798	0.283277
0.0608333	0.368434
-0.258939	0.396553
-0.290197	0.376978
-0.11191	0.399322
0.124722	0.259937
0.19008	0.0853839
0.181868	-0.0579438
0.227148	-0.0357311
0.236054	0.0736349
0.196619	0.0358853
0.336419	-0.114479
0.282939	-0.0308892
0.225069	0.143041
0.31632	0.230781
0.477984	0.213187
0.473469	0.188846
0.57508	0.00129488
0.623654	0.0562708
0.428715	0.15637
0.375569	0.0308305
0.386446	0.0145355
0.467159	0.027872
0.468705	-0.0600972
0.1273	-0.0653742
0.0468289	0.00305614
0.110986	0.110123
0.0696181	0.145634
0.0876692	0.176959
0.314143	0.193803
0.268216	0.318123
0.233292	0.483228
0.3406	0.523078
0.402584	0.50965
0.411536	0.563846
0.555912	0.429667
0.613825	0.20261
0.491763	0.172645
0.367271	0.278095
0.463123	0.139341
0.49843	0.111448
0.371549	0.13429
0.331071	0.0853933
0.293727	0.148515
0.384471	0.00381171
0.32658	-0.0847261
0.0240357	0.0686951
-0.0293791	0.0747194
0.0470207	-0.0158702
0.157073	-0.0826312
0.221869	-0.050379
0.258377	0.0273924
0.186295	0.17804
0.248322	0.0301405
0.191323	-0.106432
0.0967841	-0.141584
0.0272966	-0.12438
0.0546067	-0.119301
0.15526	-0.263353
0.276365	-0.194529
0.409041	-0.0215817
0.386012	-0.00283487
0.423406	0.0855315
0.595806	0.193552
0.571288	0.174867
0.685709	0.131877
0.612668	0.159838
0.555357	0.247172
0.594786	0.324083
0.388514	0.443694
0.551889	0.333929
0.640736	0.340883
0.573415	0.364279
0.4018	0.25988
0.300642	0.243695
0.177558	0.282649
0.110614	0.23599
0.0329602	0.31609
0.138839	0.375343
0.21887	0.384193
0.207249	0.446158
0.44798	0.225869
0.425183	0.159824
0.230925	0.264378
0.148225	0.112618
0.266603	-0.14981
0.305843	-0.0447218
0.255267	0.00817924
0.0832234	-0.0257505
0.0665166	0.0276682
0.0455177	-0.0230928
-0.0365324	-0.0779767
-0.163153	-0.157234
-0.259962	-0.232281
-0.245977	-0.166887
-0.0685101	0.113314
0.217815	0.172212
0.604857	0.151499
0.678064	0.246717
0.509981	0.268894
0.446821	0.316459
0.540981	0.207287
0.653627	0.2646
0.648145	0.341502
0.542098	0.460857
0.277535	0.601682
0.0556421	0.640233
0.117385	0.775118
0.224594	0.625832
0.184223	0.499181
0.240249	0.352557
0.233017	0.330942
0.221463	0.3958
0.260248	0.316591
0.298019	0.169902
0.352069	0.113431
0.199229	0.156677
0.170728	0.231217
0.275466	0.269467
0.279275	0.319836
0.24649	0.368244
-0.0215944	0.386923
0.0860872	0.289494
-0.0232093	0.418156
-0.149321	0.278732
-0.021074	0.245522
-0.106715	0.172168
0.0107368	0.366762
0.159981	0.51269
0.302293	0.353811
0.222127	0.356537
0.0499501	0.549198
-0.042179	0.61082
-0.0443784	0.608928
-0.0857633	0.2805
-0.213046	0.173423
-0.251541	0.168816
-0.161488	0.0910392
-0.200004	0.215095
-0.171264	0.238609
-0.127522	0.244379
-0.132371	0.257178
-0.176194	0.0391144
-0.0449369	-0.039474
0.148063	0.120486
0.160175	0.272622
0.0923332	0.122258
0.0723575	0.0537261
-0.105671	-0.010584
-0.0966919	-0.104398
-0.127677	-0.0627442
-0.0916587	-0.0789891
-0.0083779	-0.0489372
0.033895	-0.0564869
-0.146133	-0.0909808
-0.26087	0.035357
-0.286818	0.130328
-0.312913	0.0609171
-0.267651	0.139752
-0.23363	0.17511
-0.219748	0.165647
-0.214104	0.209548