0.452633	-0.687099
3.13289	0.652063
-0.000663455	3.02634
0.03281	0.00362591
0.203211	-0.0236542
0.0579725	0.0609257
-0.108803	-0.107517
-0.487831	-0.0986621
-0.548514	-0.161016
0.58663	-0.65171
2.95013	0.669415
0.112622	2.83559
-0.11182	0.0968945
-0.0628274	0.0670009
0.0154984	-0.0405203
-0.130782	0.104157
-0.036245	0.0906104
-0.056805	0.493421
1.98764	-0.112072
4.96406	1.95052
-0.176377	5.32508
-0.0835641	-0.195456
-0.117358	-0.0930358
-0.533019	-0.0807379
-0.0767324	-0.490204
0.865536	-0.102762
-0.352514	0.819616
1.94014	-0.345521
5.36981	1.83731
-0.0389802	5.38309
0.154322	-0.0224297
0.2945	0.20778
-0.288417	0.290102
0.06942	-0.324973
0.724108	0.104298
-0.689718	0.723236
1.96607	-0.709986
5.49673	1.87628
-0.115527	5.42966
0.377058	-0.145805
0.311906	0.37935
-0.0674072	0.248653
0.271836	-0.0343211
0.0121752	0.375621
-0.799713	0.177951
1.21596	-0.786822
6.87258	1.41018
-0.137957	6.85263
-0.383412	-0.0954644
-0.305517	-0.383089
-0.0690487	-0.288563
0.294233	-0.0344453
0.394742	0.44064
-0.186651	0.266963
0.513904	-0.52115
6.34574	0.753313
0.0428744	6.67802
-0.132884	0.00653917
-0.15765	-0.127172
-0.146012	-0.118209
0.298514	-0.116435
0.925403	0.248357
-0.240819	0.965093
0.418322	-0.360065
6.08055	0.861091
-0.00723088	4.73019
-0.0473825	-0.0244733
0.280474	0.133123
-0.126071	0.224819
0.32994	-0.207091
1.00128	0.196243
-0.403905	1.11233
1.74886	-0.481139
5.18682	1.73442
-0.181787	5.17689
0.189597	-0.167033
0.366984	0.0486514
0.118101	0.167668
0.0279156	0.025216
-0.0616597	0.0523706
-0.312594	-0.056009
1.23102	-0.31376
6.43003	1.09766
-0.287303	6.31105
-0.438676	-0.239246
-0.186069	-0.403945
0.229004	-0.185805
0.0985214	0.224025
0.663141	-0.0891721
0.206984	0.633558
0.40313	0.05179
5.4878	0.386066
0.0213745	5.48517
-0.110547	0.0540224
-0.3697	-0.140354
0.0896621	-0.374696
0.357298	0.0148963
0.474866	0.310093
-0.489644	0.538586
1.45514	-0.4584
5.04373	1.77138
-0.211386	4.6188
0.0220371	-0.141793
0.236909	0.049546
-0.0463418	0.117812
-0.0242922	0.124715
0.481498	0.0165627
0.275277	0.352493
0.728468	0.0733721
4.82304	-0.311961
0.00274083	4.87213
-0.0976625	-0.0952674
0.0141373	-0.141774
-0.082512	0.17069
0.107273	0.299224
0.0696661	0.0443107
-0.546468	0.100517
0.943164	-0.36413
4.5484	1.89589
0.0833255	4.85638
0.0353228	0.0137026
0.12888	-0.0045129
0.334051	0.0278369
-0.0361637	0.357574
0.076493	0.373182
-0.556194	0.336414
1.85764	-0.408509
4.5475	1.96545
-0.1542	4.17784
-0.0547834	-0.147907
0.1767	-0.0773495
0.171467	0.0665046
0.0825555	0.0177013
-0.158702	0.0846875
0.0467986	-0.0337539
-0.452669	0.0479697
4.29081	-0.867997
0.0116806	4.46938
0.0729288	-0.244604
-0.0910351	0.0807742
0.339839	-0.0640099
-0.242841	0.0142295
0.385421	-0.140185
-0.582388	0.31281
-0.0046235	-0.61079
3.46497	0.431247
0.00449941	3.11706
0.111237	0.0668808
0.0288541	0.0433466
0.17407	-0.000333727
-0.167	0.119348
-0.0915871	0.190475
-0.411775	-0.0136134
0.594908	-0.187099
3.76918	0.987545
-0.268398	4.71224
-0.165469	-0.177535
0.135791	-0.312783
0.253376	0.257332
0.243003	0.472075
0.194094	-0.00789437
-0.376553	0.165415
1.1276	-0.508319
6.67656	1.0577
-0.224551	6.65226
-0.413794	-0.192655
-0.281946	-0.381474
-0.141582	-0.287878
0.230442	-0.144504
0.0225548	0.117917
-0.356554	-0.00673797
1.45675	-0.322946
6.27775	1.5366
-0.160473	6.17861
-0.0642684	-0.163921
0.191874	0.0298694
-0.382165	0.137109
-0.555517	-0.359776
-0.349536	-0.480838
0.166652	-0.325354
1.87552	0.208046
3.63416	1.79953
0.115911	3.66931
0.0123012	0.103468
-0.0616365	-0.0405741
0.160137	0.0321909
0.243486	0.0925971
0.03666	0.138332
-0.293385	0.0299889
0.240986	-0.520321
3.57531	0.931303
0.0472507	3.66079
0.0515617	-0.0881341
0.34176	-0.031881
0.281941	0.294098
0.124844	0.146182
0.583648	0.209152
0.0706833	0.536298
1.81248	-0.0260432
5.11524	1.8161
-0.165971	4.96887
0.0317864	-0.186649
0.382871	0.0403663
-0.248596	0.308426
-0.56115	-0.255109
-0.401398	-0.712246
-0.519456	-0.18273
1.59037	-0.448503
4.13739	2.17443
0.0193778	3.84891
0.133378	0.104072
0.039566	0.146702
0.0393949	0.19992
-0.0424102	-0.153695
-0.155731	-0.0132187
-0.26344	-0.107989
1.3517	-0.387838
3.19608	1.18488
0.0147089	3.24097
0.00959076	0.0712641
-0.110437	-0.0701972
-0.0286748	-0.164968
-0.313531	0.111487
-0.440522	-0.0266737
-0.688617	-0.281745
0.617895	-0.948284
2.75722	0.439123
0.0617871	2.96899
-0.04597	0.0714711
-0.0450591	0.0493503
0.676215	-0.39942
3.03373	-0.191544
0.00628192	3.2131
0.132385	0.0167949
-0.0773495	0.0120562
0.0238329	-0.0153382
-0.0584915	0.0905798
-0.19551	0.168744
-0.623664	0.021772
0.648011	-0.786382
2.67745	0.469808
0.112899	2.72954
-0.0773294	0.0202442
-0.0800643	0.0137811
-0.447727	-0.0529909
0.241723	-0.340974
0.0962129	0.502876
-0.341202	-0.0911647
1.10002	-0.081354
5.40674	0.745546
-0.338241	6.00533
-0.113936	-0.304823
0.00742742	-0.253561
-0.103596	0.0308318
0.165409	-0.119689
-0.052574	0.188349
-0.55259	-0.00263099
1.25651	-0.489142
6.69182	1.21992
-0.244184	6.49447
-0.375564	-0.205382
-0.199419	-0.395352
0.044914	-0.235364
0.29336	0.0329473
0.78851	0.305357
-0.623935	0.843541
1.06423	-0.586581
5.37094	1.03312
0.146467	5.57553
-0.152171	0.140685
-0.166374	-0.141079
-0.015794	-0.181298
0.316237	-0.127483
0.663611	0.387734
-0.574925	0.422813
0.619942	-0.462322
6.95887	0.830789
-0.421193	6.66078
0.224001	-0.240092
-0.191755	0.264848
-0.294521	-0.245997
-0.456915	-0.298663
0.441732	-0.480874
-0.440523	0.321859
2.31086	-0.395301
4.43399	1.59276
0.124384	5.60704
-0.129093	-0.0150391
0.119828	-0.00898337
0.0325458	0.0534774
-0.144698	0.130245
-0.205529	0.049465
-0.73214	-0.111338
1.47458	-0.739662
7.03421	1.25162
-0.375058	7.2092
-0.31446	-0.380954
-0.120179	-0.320137
-0.068758	-0.110548
0.0417602	-0.1095
-0.104607	-0.0254362
-0.627671	-0.163909
1.04736	-0.627999
7.31777	1.16314
-0.27369	7.16008
-0.0503087	-0.234877
0.0515989	-0.0260551
-0.195903	0.0561206
-0.3073	-0.13775
0.115525	-0.340029
-0.623211	0.284158
1.58697	-0.878913
5.39501	1.64893
-0.14721	5.39978
0.264448	-0.0757678
0.283136	0.268025
-0.268526	0.294003
0.180342	-0.175421
0.50733	0.183742
-0.479444	-0.0498323
1.1767	-0.491349
6.45991	1.18968
-0.233104	6.28461
-0.230021	-0.241249
-0.0201306	-0.168601
-0.0639354	0.238671
0.174837	-0.217151
0.654732	0.161139
-0.67159	0.711623
1.80539	-0.317031
4.31286	1.91509
-0.211376	4.46797
-0.13671	-0.158969
8.91219e-05	-0.238331
0.0994999	0.0753985
0.115435	0.0238674
0.0269391	0.327085
-0.538948	0.0298707
0.481776	-0.830492
6.44574	0.330612
-0.195639	4.94103
0.0579473	-0.401564
-0.198601	-0.160207
-0.0953323	-0.115375
0.166878	-0.194658
-0.0468491	-0.0569951
-0.180261	0.147474
1.77069	-0.0947506
3.51562	1.55347
-0.154304	3.35679
0.0990173	-0.143082
0.118269	0.021769
0.00367869	-0.0413023
0.175281	0.0843724
-0.21464	0.348203
0.00136015	-0.0577794
1.18583	-0.0209971
6.29977	1.14045
-0.375544	6.10475
-0.147013	-0.355152
0.438326	-0.13002
-0.080158	0.459276
0.187147	0.272398
0.223	0.281591
-0.143248	0.0888889
0.661299	-0.713198
5.07838	0.708474
-0.158257	4.01005
-0.0837987	-0.216779
0.337361	-0.148291
-0.0401662	0.194139
0.0218374	0.0301624
0.119367	0.0447233
0.0595918	0.131163
1.22718	0.152572
4.95359	0.214486
-0.15756	4.9675
-0.0770469	-0.264435
0.0684963	-0.07196
0.271733	-0.201587
-0.373918	0.246176
0.222973	-0.266993
-0.355413	0.173199
-0.84651	-0.537279
4.72035	-0.734832
-0.120088	4.51207
-0.169148	-0.242048
0.141979	-0.344595
0.203105	0.124276
0.0329564	0.23386
0.182024	0.0196699
-0.278691	0.347521
1.14032	0.178817
4.52923	0.338949
-0.240995	4.55028
-0.0454631	-0.236407
-0.162671	-0.12062
-0.0163787	-0.0494299
-0.0353225	0.0711513
-0.177639	-0.0644593
-0.482828	-0.170342
0.227004	-0.395551
3.17796	0.266213
0.0234082	3.42059
0.0190983	0.0304339
0.0850034	0.0251703
-0.0103787	0.144127
0.0226197	-0.108463
-0.278975	0.0633951
-0.594256	-0.137252
2.2728	-0.816697
4.99972	1.7481
-0.288707	4.74121
0.140347	-0.241775
-0.0473136	-0.0128247
-0.0906213	-0.206002
0.255121	-0.0783449
0.877005	0.0134738
0.1453	1.01587
0.803377	-0.0262518
4.84363	1.38552
-0.134613	4.23925
0.142573	-0.192134
0.116366	0.210725
-0.208508	0.156662
0.318982	-0.20613
0.670033	0.397556
-0.0494475	0.546517
1.58747	0.109465
3.1748	1.4533
-0.0246736	3.09813
-0.000792998	-0.0198929
0.0270908	0.172619
0.0358631	-0.0641721
-0.194013	0.0220761
-0.553819	-0.201766
-0.393476	-0.303175
1.90811	-0.024856
5.05002	1.90005
0.0728979	5.23702
0.0411021	0.0613107
0.0889938	-0.0826353
0.186106	0.227562
-0.196805	0.0794799
0.26861	-0.344508
-0.0638556	0.261775
1.26991	0.365295
3.79411	0.999173
-0.0692241	2.94468
0.249112	0.111751
-0.0477985	0.0266548
0.0312348	-0.0929345
0.106611	0.127381
-0.140613	-0.0422111
-0.742085	-0.0953153
1.11262	-0.246343
5.21821	1.59256
-0.26294	5.8637
-0.026919	-0.331928
0.0818886	-0.0739342
-0.177203	0.0879104
-0.307854	-0.144132
-0.261945	-0.311931
-0.754456	-0.263831
1.70155	-0.768138
5.97859	1.83819
-0.170607	5.50354
0.00395989	-0.135114
0.32934	0.152814
-0.0641614	0.289417
0.158603	0.0065468
0.221646	0.197595
-0.0383991	0.0931234
1.99994	-0.0577559
3.77287	1.89822
-0.215549	3.48695
-0.0118537	-0.200106
0.115663	0.0110017
0.291918	0.172448
0.174774	0.458945
0.12063	0.479237
-0.0662698	0.391439
1.32939	-0.097293
0.407122	-0.791462
2.91426	0.441811
0.1327	2.93412
-0.00805322	0.112033
-0.120397	-0.0709983
0.16045	-0.109666
-0.134401	0.204025
-0.307212	-0.206267
-0.72117	-0.345673
0.783565	-0.53924
3.01543	0.763321
0.0827388	3.19684
0.0247009	-0.0220481
-0.171391	-0.284243
0.040507	-0.168293
0.392458	-0.0549616
0.376585	0.44177
-0.212292	0.396821
0.990572	0.0139089
5.5929	0.481732
-0.2206	5.45314
-0.12143	-0.0837455
-0.152053	-0.0920672
0.202253	-0.123289
0.176653	0.143603
-0.382615	0.140267
-0.711782	0.0115295
-0.288522	-0.545149
5.58337	-0.230548
-0.236303	5.79106
-0.0494376	-0.208845
0.0524214	0.0354274
0.205926	-0.052566
-0.249334	0.121592
-0.270003	-0.12101
-0.071361	-0.0747416
1.87578	-0.163244
6.61638	1.83134
-0.242906	6.67918
-0.060366	-0.267039
0.117073	-0.0585887
-0.203685	0.209556
-0.183194	-0.202092
0.126166	0.238656
0.305893	-0.206637
-0.248103	-0.141844
4.89739	-0.622303
-0.135361	4.91092
-0.124018	-0.121603
-0.149487	-0.151048
0.181479	0.023148
0.398121	0.00706116
0.30414	0.432061
-0.449156	0.421165
0.992795	-0.273413
5.54058	1.34671
-0.341634	5.75099
-0.0418645	-0.321815
0.321691	-0.0411291
0.0847123	0.383173
0.00501514	0.0393907
0.25291	-0.00454425
-0.111987	0.116822
1.82037	-0.172925
6.11213	1.76372
-0.3344	6.59158
-0.0182888	-0.302658
-0.00565274	-0.0421857
-0.157963	0.0375677
-0.0233629	-0.179422
-0.203971	-0.059898
0.248415	-0.143845
1.92593	0.162831
3.49973	1.43314
-0.00220188	3.41366
0.0379214	-0.194036
-0.0511235	-0.140389
-0.314094	-0.199528
0.306064	0.0191806
0.580127	-0.00970864
-0.118848	0.564157
2.19735	-0.0903227
5.38637	2.03739
-0.182839	5.31985
0.125068	-0.132262
0.00476223	0.092768
-0.252884	-0.00947015
-0.136297	-0.0322735
0.249764	-0.126159
-0.346999	0.219912
0.337993	-0.694762
5.03118	0.0420418
-0.1235	5.11807
-0.0930652	-0.168426
-0.0356719	-0.114255
0.0500683	0.0829027
0.0836256	-0.00555558
0.215076	0.30223
-1.06278	0.0840286
0.680043	-0.649753
6.16543	0.753724
-0.0561429	6.31208
-0.151346	-0.0185288
-0.241082	-0.178686
0.120534	-0.234376
0.449245	0.175705
0.158944	0.321367
-0.10069	0.103621
1.65305	0.201352
4.42969	1.95621
-0.0115574	4.51055
0.0878656	0.0628647
-0.0465748	-0.00937857
-0.231369	-0.155824
-0.257711	-0.387614
0.350581	-0.262572
-0.00961893	0.413204
1.67322	-0.340148
5.64824	1.67326
-0.221507	4.73526
0.0950191	-0.192949
0.00413794	0.00372566
0.15263	0.0867775
-0.130858	0.43866
-0.0342669	-0.0132475
-0.562962	-0.0606152
1.74284	-0.612749
6.73214	1.50817
-0.363152	6.65419
-0.170482	-0.365318
-0.0942491	-0.240766
-0.058261	-0.150812
0.31733	-0.0422928
0.448783	0.391216
-0.589526	0.624205
0.397365	-0.319876
5.99303	0.120764
0.0806372	5.76179
-0.0356319	0.130534
-0.0164131	-0.00786651
0.0650614	0.0793821
0.457522	-0.00467275
0.76821	0.534854
-0.26009	0.667536
1.03359	-0.180421
4.48903	1.19674
-0.0929281	4.6033
-0.0631661	-0.16603
0.0530684	-0.304756
0.297185	0.206864
0.0698134	0.409543
0.345952	-0.0291396
-0.198357	0.143462
-0.491209	-0.244947
4.87628	-0.760929
-0.00960865	4.97762
-0.0942379	-0.0388336
-0.142408	-0.0603726
0.261958	-0.191045
-0.416219	0.165054
-0.319455	-0.345051
-0.0727721	0.0121061
-0.207654	-0.115949
4.05562	0.267947
-0.176716	3.93738
0.167459	-0.0411274
0.172374	0.0068368
-0.0977	0.0659669
-0.362436	-0.143062
-0.218315	-0.376453
-0.574316	-0.202028
1.75457	-0.720774
5.47372	1.97386
-0.150065	6.12214
0.0232977	-0.0986101
0.219046	0.0488855
-0.195891	0.145606
-0.296762	-0.145961
-0.184305	-0.435921
-0.163786	-0.0471829
2.03299	-0.0694766
3.73551	2.01043
0.0698208	3.54146
0.156093	0.0116279
0.163789	0.331998
0.154068	0.0191536
0.00749903	0.306931
0.0134231	0.221378
-0.615048	-0.103976
0.715304	-0.698141
2.87373	0.772379
0.0448832	2.99814
0.0997077	0.0424208
-0.0638037	0.0541607
0.0551645	0.0164259
-0.0201811	0.1216
0.709531	-0.49575
2.92396	0.753055
0.193856	2.95047
0.0461905	0.0726973
-0.123554	0.000107981
0.128259	-0.158405
-0.0143511	0.122058
-0.289604	-0.0520604
-0.695578	-0.251114
1.06184	-0.74763
3.20398	1.37425
0.152018	3.45753
0.010452	-0.00388835
0.217282	0.110639
0.0711764	0.259676
0.538901	0.215332
0.358221	0.507282
0.096466	0.461489
0.940429	-0.333053
4.77522	0.998367
0.0370428	4.80384
-0.109219	0.0662843
-0.0560061	-0.100834
0.0188317	0.00940434
0.489889	0.120271
0.690292	0.463313
0.0691767	0.589815
0.419537	-0.165803
4.77393	0.0507394
0.3467	5.01366
-0.0335147	0.121263
-0.065096	-0.159346
-0.228954	-0.0475126
0.0828012	-0.225124
-0.0762112	0.0335207
-0.388623	-0.145498
-0.50256	-0.57368
4.85345	-0.118392
-0.0505942	4.63811
-0.250319	-0.0869589
-0.115753	-0.253714
-0.0616207	-0.178669
0.370767	-0.0826213
0.389832	0.321408
-0.926406	0.385411
1.48411	-0.876621
6.42478	1.53878
-0.179209	6.32893
-0.278154	-0.140838
-0.196149	-0.226866
-0.162009	-0.148742
0.20163	-0.0686593
0.419682	0.358898
-0.564816	0.589239
2.07226	-0.530096
5.0401	1.92729
-0.153699	4.84583
0.269458	-0.12661
0.0604644	0.247151
-0.411208	0.043768
0.343355	-0.325035
0.617245	0.422916
0.226716	0.6502
0.733333	0.215256
5.42496	0.0227321
-0.0102104	4.74082
-0.0571868	-0.0220797
0.158718	-0.0615711
0.2347	-0.254082
0.569217	0.306496
0.496184	-0.00500081
0.126093	0.267699
0.263647	0.0801609
6.2316	0.95244
-0.299634	7.15491
-0.24041	-0.417484
-0.00838872	-0.232445
-0.20435	0.0018428
-0.152406	-0.258455
-0.205402	-0.179389
-0.614149	-0.322618
2.0002	-0.380241
5.84382	1.86729
-0.250793	5.25715
-0.112616	-0.130809
0.00542934	0.157252
0.00227788	-0.185276
0.239166	0.127721
0.0515296	-0.185079
-0.723828	0.163841
-0.567124	-0.575924
5.2636	-0.304025
0.0105006	5.63849
-0.184473	-0.0968393
-0.254774	-0.166742
-0.117154	-0.254302
0.550185	-0.158463
0.673798	0.664481
-0.287668	0.713706
1.19151	0.0711246
3.72691	1.0941
-0.0427038	3.45644
0.0322138	-0.195073
-0.214091	0.0460407
-0.00978235	-0.13147
0.344494	0.026193
0.00497318	0.272082
-0.646178	-0.22239
1.66831	-0.517353
6.52263	1.92926
-0.169484	6.3998
0.199372	-0.0525681
-0.0875853	0.260957
-0.530445	0.000353071
0.109065	-0.472987
0.718895	0.0661746
-0.695457	0.671887
2.00762	-0.64234
5.10089	1.94367
-0.0304446	5.04927
0.266923	-0.0291547
0.161185	0.233093
-0.386218	0.123523
0.0494397	-0.422641
0.691652	0.00491679
0.071357	0.504743
1.91943	-0.0412029
5.03642	1.78534
-0.113248	4.91556
0.236875	-0.113764
0.127304	0.319305
-0.0838965	0.198569
0.465094	-0.0260958
0.662531	0.35921
0.091482	0.578353
1.63167	0.0340769
3.49045	1.61259
0.0728406	3.31587
0.0244772	0.0457101
0.0133742	0.051047
0.407195	0.175467
0.181173	0.331955
0.118399	0.285123
-1.37987	-0.176626
-0.330876	-1.30867
5.4443	0.00850838
0.0402552	5.26453
-0.0364232	-0.0202429
0.106515	-0.310203
0.0950498	0.0430412
0.429948	-0.00518578
0.6165	0.431365
-0.848261	0.56903
1.34142	-0.776483
6.24426	1.18186
-0.0947995	6.02929
-0.125825	-0.0356631
-0.232088	-0.0264218
0.113712	-0.0847208
0.303367	0.209473
0.0509254	0.257255
-0.534596	0.205633
0.994548	-0.530536
3.23602	0.916598
-0.0600474	3.18746
-0.145551	-0.0946022
-0.0208828	-0.121069
-0.0227222	-0.0764919
-0.066579	-0.0169994
-0.0883787	0.0177721
-0.45085	-0.00959869
1.63767	-0.30575
6.43755	1.78807
-0.447829	6.49853
-0.157584	-0.485288
0.135204	-0.162086
-0.0705136	0.133034
-0.103038	-0.206751
-0.0198472	0.188144
-0.128491	0.094666
0.0507953	-0.104491
4.43467	-0.0203842
-0.168997	4.35003
-0.000134683	-0.0485033
-0.285406	0.0294946
-0.0301131	-0.254035
-0.191955	0.0203333
-0.131723	-0.00206578
-0.269496	-0.167834
-0.304352	-0.361882
4.57492	-0.538866
-0.270932	4.93996
0.0153574	-0.153305
-0.271515	0.0840214
0.23482	-0.0773604
0.0905688	-0.0593526
0.220915	0.0461579
-0.732318	-0.0551719
1.32234	-0.558738
5.04179	2.1068
0.0337663	5.16708
0.0666013	0.0760541
-0.100783	0.0935954
-0.342851	-0.144116
-0.358986	-0.245916
0.292285	-0.399812
0.536741	0.259593
2.03718	0.266377
4.40589	2.07846
0.0599224	4.78363
-0.0475431	0.075503
-0.206034	0.00488273
-0.40447	-0.173636
-0.389793	-0.44723
-0.17476	-0.408268
-0.379465	-0.264517
1.86996	-0.513115
5.37844	1.99164
-0.193127	5.5889
0.107025	-0.139121
0.151676	0.0803877
-0.282206	0.121011
-0.218309	-0.283246
-0.258461	-0.167628
-0.516984	-0.157781
2.05052	-0.555807
4.849	1.99685
-0.338492	4.19598
-0.193908	-0.200196
0.0932251	-0.0231135
0.139	-0.091076
-0.159643	0.0481557
-0.203748	-0.185588
-0.32187	-0.187334
0.9277	-0.661867
3.04361	1.00428
-0.0292735	3.35429
-0.0381413	0.0640037
-0.0630718	0.056304
-0.0166138	-0.0669306
-0.076796	0.0304878
-0.26168	-0.10013
-0.239957	-0.365773
-0.0992276	-0.346347
4.5933	-0.283384
0.0970951	4.7557
-0.0103395	-0.141049
-0.0233747	-0.00338796
-0.0699561	-0.0469672
0.0250654	0.0067781
-0.342542	0.106232
0.0145984	-0.117644
-0.184438	0.14836
4.04171	-0.148638
-0.114099	3.73474
0.134457	-0.112317
-0.213901	0.0996011
-0.109712	-0.12232
-0.205346	0.118176
-0.451294	-0.276189
-0.687722	-0.334284
0.673805	-0.769612
2.94088	0.584383
0.0305023	3.02003
-0.0225605	0.123674
-0.0327141	-0.0366399
0.169468	-0.0409516
-0.10562	0.102719
-0.284792	-0.0424468
-0.756414	-0.349371
0.657249	-0.350299
3.1626	0.586226
0.037634	3.32798
-0.0801167	0.0498232
-0.0288843	0.0185699
-0.0211293	0.028177
-0.244031	0.0573149
-0.225937	0.00340888
-0.673828	-0.281757
0.659141	-0.821341
3.12176	0.46078
0.0302308	3.26306
0.0313346	0.0225094
0.15424	0.114892
0.347738	0.159506
0.329508	0.0115244
0.535751	0.43301
0.18932	0.262606
0.767818	-0.00145004
6.04003	1.4978
-0.355929	6.37898
-0.000463434	-0.377264
0.283381	-0.0714191
-0.0328848	0.164434
-0.145047	-0.0607656
-0.0506786	-0.184406
0.344861	0.134016
1.20809	0.208635
5.59167	0.978058
-0.212626	5.44061
-0.0428002	-0.0491889
0.0750955	-0.10462
0.0023325	0.216782
0.23216	0.145888
-0.149323	0.102624
-0.050987	-0.22943
-0.0648574	-0.16434
5.24507	0.213036
-0.157083	5.23328
-0.0461925	-0.0571722
0.0824303	-0.106586
-0.139605	0.14296
-0.281608	-0.177024
-0.315384	-0.276873
-0.242161	-0.431102
1.90033	-0.507317
6.39409	2.07033
-0.182498	6.33995
-0.0676852	-0.172548
-0.0631777	-0.0458949
-0.0218982	0.0100245
0.109228	-0.0218447
0.683673	-0.0125649
-0.231174	0.492097
2.05419	-0.0344525
4.54817	2.02125
-0.107711	4.44956
-0.0218673	-0.0677258
0.0352004	0.0394607
0.265285	0.064347
0.213803	0.257528
0.349821	0.326351
0.41021	0.138808
0.651895	0.387041
5.47951	1.17569
-0.201268	5.74627
-0.239405	-0.292075
0.318174	-0.30051
-0.0463531	0.30418
-0.222207	-0.10213
0.241566	-0.299531
0.0802109	0.33065
1.49508	0.139743
5.14094	1.17908
-0.229935	5.11169
-0.0117998	-0.164498
0.0329342	0.0109438
-0.235253	-0.076775
-0.346965	-0.237502
-0.297986	-0.148134
-0.362341	-0.492096
-0.813773	-0.102072
5.03578	-0.497794
0.0483545	4.61824
0.105146	0.0634182
-0.0594528	0.154811
0.121264	-0.303326
-0.123072	0.0953669
-0.242783	-0.0769237
-0.360791	-0.262348
1.04403	-0.251495
6.89169	0.822428
-0.398458	6.32571
-0.0499108	-0.470886
0.348666	-0.0692077
0.0661708	0.29779
-0.036463	0.0887333
0.344297	0.0913807
-0.527053	0.227605
1.0243	-0.312345
6.77986	0.963602
-0.339838	6.54014
-0.435578	-0.340077
0.17743	-0.484206
0.012432	0.256571
0.0829144	0.113111
0.338998	0.246725
0.108579	0.31094
0.679667	0.226342
5.22096	0.494852
-0.216913	5.16864
-0.137634	-0.254539
0.209886	-0.126254
0.14189	0.221302
0.138386	0.186362
0.370597	0.0154743
-0.126248	0.284668
1.93062	-0.0966642
5.27585	1.90214
-0.0268821	5.75802
-0.00600693	-0.0463877
-0.121589	0.0216449
-0.353786	-0.159233
-0.212874	-0.416704
-0.344604	-0.120842
-0.179608	-0.179299
2.58472	-0.0866211
4.64653	2.36421
0.0378539	4.377
-0.202369	-0.0302066
-0.41453	-0.232279
-0.25225	-0.274682
0.0456615	-0.198191
0.331726	0.068679
0.308982	0.266347
2.12204	0.281895
4.87173	2.1389
0.00823835	5.77988
0.100361	0.0576414
-0.124685	0.17373
-0.340449	-0.0510473
-0.0370116	-0.150305
-0.28661	0.157778
-0.770253	-0.068208
1.94238	-0.909264
4.52319	2.05014
-0.105119	4.39608
0.11066	-0.0456844
0.0571134	0.0490551
0.00132823	0.135285
0.195189	0.112514
0.389348	0.34072
-0.477527	0.489881
1.68247	-0.70538
5.58111	1.72491
-0.0683657	5.7776
-0.295479	-0.117029
-0.123671	-0.286612
0.0626153	0.00726357
0.0144933	-0.0781238
-0.169744	-0.0891938
-0.281435	-0.365277
2.17808	-0.517327
4.47573	1.99036
0.0641503	4.33869
0.0406107	0.106164
0.158285	0.0589254
0.107654	-0.0102225
0.0227852	-0.0223399
-0.328311	-0.262616
-0.545291	-0.0702589
0.647911	-0.586019
3.30547	0.918564
0.114287	3.38125
-0.0341268	0.124585
-0.0558665	-0.0525448
0.173687	-0.0623446
-0.172279	0.149421
-0.247781	-0.215362
-0.876323	-0.128374
0.485211	-1.05828
3.11653	0.530528
0.161656	3.21405
-0.0525138	0.0325371
-0.112497	-0.085728
0.619173	-0.723766
2.91994	0.663142
0.00590663	2.86134
-0.0429181	0.053197
-0.0309132	-0.0725575
0.285705	-0.140976
-0.00141304	0.187544
-0.483543	-0.120216
-0.941146	-0.229968
0.550339	-0.93547
2.85655	0.575536
0.112043	2.77196
0.0429113	0.115804
-0.0102821	0.070592
0.241573	0.0921393
-0.305856	0.0385239
0.13727	-0.254575
-0.384421	-0.305935
0.683756	-0.25908
4.47053	1.80437
0.0204585	4.81283
0.119979	0.051144
-0.207042	0.173537
-0.381274	-0.173618
-0.0718668	-0.505994
0.200698	-0.0487778
0.184812	0.207565
1.88667	0.0791147
5.65001	1.75487
-0.0394193	5.6185
0.200339	-0.0386846
0.26961	0.214102
-0.213553	0.380671
0.0301878	-0.217085
0.872274	0.0160889
-0.602427	0.871733
1.70564	-0.626057
4.81218	1.73762
-0.202482	4.69712
0.258639	-0.21532
0.295783	0.134976
-0.00847526	0.185333
-0.0734985	-0.0824674
0.205908	-0.204906
-0.318403	0.345188
1.11184	-0.623065
6.8785	1.27673
-0.396901	7.26756
-0.217727	-0.330304
0.0824192	-0.195329
-0.16031	0.0620362
-0.344074	-0.194058
-0.226299	-0.351192
-0.602468	-0.267083
1.41903	-0.530716
7.08091	1.34625
-0.142805	6.64093
0.0893899	-0.10174
-0.0951158	0.143404
0.037919	0.182441
0.0363362	0.00717775
-0.0983143	-0.114334
-0.479067	0.0483835
1.0702	-0.501069
3.38606	1.13708
-0.089324	3.32299
0.0822272	-0.11789
0.0208145	-0.188759
-0.0456461	-0.21131
-0.146393	-0.0352779
-0.169701	-0.123278
-0.355146	0.227127
1.8322	-0.474985
5.75779	1.56419
-0.380598	5.32472
-0.199531	-0.301641
0.278623	-0.257378
-0.0775769	0.19098
-0.365669	-0.105519
-0.06523	-0.390545
-0.637636	-0.209555
1.74935	-0.858909
6.45936	1.62502
-0.298278	6.24055
-0.181646	-0.247457
0.0915998	-0.227091
0.017928	-0.0799846
-0.403183	-0.0361133
0.114609	-0.335839
-0.223698	0.203465
2.02915	-0.218655
3.54501	1.5627
-0.206018	3.3969
-0.223752	-0.226389
-0.125747	-0.119974
-0.0566287	-0.00174309
-0.330034	-0.0185849
-0.109673	-0.19753
-0.737801	0.113177
0.429075	-0.532405
5.11756	0.343323
0.154719	4.07246
0.125129	0.188626
0.113239	0.0276668
-0.197753	0.089891
0.54224	-0.115658
0.813869	0.596737
0.0313166	0.420207
0.760031	-0.152073
5.66104	0.825083
-0.0549876	5.62504
-0.228808	-0.156261
-0.0233829	-0.30582
0.0214925	0.0415296
0.456573	0.0223547
0.163186	0.443541
-0.352409	0.111574
1.42307	-0.499941
5.76835	1.77422
-0.439769	5.87318
-0.272924	-0.408463
0.00893638	-0.317065
-0.0704666	0.127082
-0.00816595	0.0139659
0.497035	0.0943025
-0.134406	0.35048
0.912636	-0.155763
4.47594	0.401865
0.0158779	4.38241
-0.0587309	-0.0897854
-0.0700016	-0.114139
-0.09109	0.00479236
0.0836839	-0.252702
-0.258637	0.159653
-0.455	-0.349914
-0.169928	-0.181368
4.34065	-0.00173229
-0.182186	3.91998
-0.17258	-0.203513
0.0318477	-0.176222
0.0456831	-0.0794819
0.240386	-0.00190496
-0.0614155	0.164455
-0.344268	-0.168711
1.44916	-0.464373
5.92116	1.61603
-0.344645	5.71652
-0.223043	-0.382512
-0.0260938	-0.0971118
0.403988	0.0817061
-0.315663	0.367504
-0.0269477	-0.0761744
0.201858	0.118958
1.37332	-0.305403
3.24474	1.18987
0.0269247	3.01744
0.0344902	-0.132572
-0.0836375	-0.0311407
0.0667014	-0.0092962
0.117716	0.0295494
-0.190515	0.113763
-0.878935	-0.196776
0.804507	-0.876581
5.24683	0.765807
-0.0915257	4.85538
-0.184453	-0.143219
0.217345	0.0677634
-0.266626	0.244782
-0.095562	-0.306552
-0.201784	-0.128389
-0.568242	-0.276063
1.84458	-0.519808
6.11632	1.85988
-0.254756	6.0675
-0.163531	-0.212669
-0.0543744	-0.147125
-0.161416	-0.0154611
-0.0305767	-0.16786
-0.110779	-0.0370524
-0.0300717	0.0554603
0.759261	0.186481
4.3846	0.279796
-0.184148	4.67139
-0.140496	-0.182981
-0.103273	-0.333627
0.0355364	-0.104227
0.362298	-0.0392235
0.846621	0.347447
-0.0683829	1.02259
0.521959	-0.00433718
4.57575	0.458304
-0.0413738	4.46162
-0.0443677	-0.128191
-0.0165725	-0.00435736
0.113228	0.137345
0.167302	0.118919
0.28164	0.225901
-0.326003	-0.102577
0.648755	-0.537305
2.90336	0.679542
0.0454209	2.86388
-0.0910911	-0.0167953
0.0149277	0.0214595
0.0318226	-0.00878447
0.132271	0.0220344
-0.347106	0.004989
-0.734153	-0.31823
0.634704	-0.791055
2.7697	0.528501
0.116329	2.77967
-0.0820312	-0.0403151
-0.104623	-0.0604683
-0.0882423	-0.0912087
0.0232	-0.047929
0.0174687	0.0219099
-0.619147	0.0630328
0.714523	-0.522255
3.23647	0.906764
-0.0576547	3.05814
-0.147781	0.00750813
-0.147012	-0.164175
0.196468	0.0742569
-0.184112	0.0821598
-0.277145	-0.107248
-0.798708	-0.279133
0.576853	-0.77177
2.75433	0.406953
-0.00503545	2.82543
0.0986249	0.0175231
-0.0949768	-0.0214003
0.713898	-0.550161
2.9421	0.387699
0.0879012	2.85542
0.0650758	0.00501436
0.0195939	-0.12118
0.126992	-0.0671431
0.0117216	-0.0583774
-0.263135	-0.0285395
-0.836194	-0.315765
0.908758	-0.449921
3.38688	1.26709
-0.0272213	3.55469
-0.00437465	-0.055864
0.126192	-0.0318709
0.153366	0.148443
0.232723	-0.0333074
-0.148053	0.163007
-1.1914	-0.175609
1.09812	-1.07354
7.01358	1.01506
-0.123146	6.03973
-0.305758	-0.0931528
-0.304246	-0.223979
0.379046	-0.0789007
0.486996	0.286922
-0.0304074	0.267609
-0.844695	0.0426714
1.06382	-0.805034
5.26028	0.442365
0.0118797	5.63234
0.00865024	-0.0220728
-0.0806659	0.0527486
-0.200111	-0.228733
0.452594	-0.26493
0.536935	0.383479
-0.217521	0.511838
1.12587	-0.150245
5.23102	1.33046
-0.24709	4.16183
-0.127871	-0.166085
-0.0949939	-0.12128
0.14179	-0.0936036
0.172382	0.194179
0.202667	-0.0624293
-0.623117	0.0787469
0.834454	-0.620736
4.90014	1.31525
-0.204589	5.99233
-0.344462	-0.375767
0.0268949	-0.403628
0.0713406	0.0489367
0.223373	0.113365
0.257524	0.176527
-0.0816672	0.280171
1.35767	-0.140754
5.02947	1.02067
-0.187032	5.1036
-0.269403	-0.100502
0.0459256	-0.026566
0.448318	-0.0275031
0.351299	0.326091
0.0169515	-0.117894
-0.24916	0.0727256
0.322317	-0.321169
4.6965	0.838078
-0.0676688	4.21455
-0.0562815	-0.0993544
0.217407	-0.177268
0.236953	0.131403
0.461534	0.204704
0.636133	0.304964
0.378772	0.408049
1.5696	0.271795
4.63536	1.75226
-0.0367542	4.53784
0.157919	-0.046996
0.171571	0.16645
-0.0618773	0.199706
0.148003	-0.00309857
0.50506	0.154171
0.00313908	0.565335
1.92517	0.148789
4.17762	1.27017
-0.0274757	4.17051
0.0967694	-0.0222806
0.0827701	0.103192
0.286553	-0.070023
0.257172	0.191034
-0.381892	0.292771
-0.216513	-0.200217
-0.90511	-0.152087
4.7367	-0.455299
-0.0437946	4.72887
-0.134864	0.0711242
-0.116001	-0.0691325
-0.00991532	0.127493
0.444934	-0.0777446
0.914437	0.493086
-0.0962946	0.775846
0.643441	-0.158611
5.91149	0.606786
-0.0612478	5.96759
-0.0211879	-0.0508682
-0.0197473	-0.0290158
-0.22298	-0.0269626
0.46252	-0.217518
0.921086	0.481321
-0.53009	0.861978
0.927281	-0.58344
6.29001	0.962836
-0.180046	6.48232
-0.322373	-0.210641
-0.168805	-0.348433
-0.14994	-0.174519
0.305928	-0.144615
0.196147	0.285698
-0.600722	0.148341
1.14393	-0.535323
5.99643	1.32361
-0.305312	5.27957
0.0872921	-0.284955
0.344496	0.189981
-0.0821034	0.312708
0.183636	-0.00934441
0.52794	0.262053
-0.748243	0.510877
1.81182	-0.719663
5.03684	1.84069
-0.162119	4.95934
0.231351	-0.177204
0.20487	0.256802
-0.0607203	0.196215
0.300868	-0.0724633
0.226741	-0.0358644
-0.549216	0.0771997
1.63554	-0.568937
5.85141	1.529
-0.332477	5.55923
-0.281213	-0.339941
0.0960382	-0.338559
0.267809	0.0477488
0.191179	0.255866
0.180311	0.402414
0.318466	0.000236091
0.264529	0.274337
4.47383	-0.041673
-0.161703	4.45983
0.0658997	-0.103984
0.0107478	-0.104123
0.216542	0.188456
0.45172	0.118927
0.379677	0.462091
-0.543138	0.429749
1.18548	-0.585608
6.01862	1.20162
-0.303246	5.67157
-0.181034	-0.329716
0.104872	-0.00304751
0.297	0.0316889
-0.0983691	0.163571
0.0814698	0.06166
-0.36201	0.0641862
1.43799	-0.138853
6.07425	1.50097
-0.113498	5.99324
0.0347432	-0.0969669
-0.000546183	0.039307
-0.345318	0.0475346
-0.347038	-0.372967
0.17994	-0.352642
0.0633096	0.158072
1.81559	0.0582675
5.49746	1.72859
-0.184135	5.54382
0.0903197	-0.153216
0.236766	0.0456809
-0.170788	0.199219
-0.253979	-0.191675
0.0938888	-0.287071
-0.365028	0.131443
1.64809	-0.395118
6.39104	1.73905
-0.198076	6.2281
0.0224911	-0.206034
0.194165	0.0221183
-0.18954	0.157837
-0.346486	-0.0959706
0.306771	-0.283883
0.185091	0.220693
0.347436	-0.0641973
4.83278	-0.0434206
-0.235236	4.48861
0.0852207	-0.235022
-0.289819	0.0703935
0.207622	-0.231075
-0.0269661	0.10539
-0.109559	0.107817
-0.460795	-0.395916
0.751854	-0.405193
3.9778	1.50889
-0.0336213	4.46844
0.120377	-0.0776702
0.106825	0.170599
0.0462314	0.0125431
-0.164428	-0.0229386
0.128868	-0.155692
0.220653	0.00405659
1.63316	0.177678
4.24709	1.54446
0.0889651	3.97416
0.230671	0.0458472
0.169644	0.124133
0.498383	-0.0545662
0.255787	0.434271
0.0587624	0.307501
-0.413738	-0.0700942
0.809766	-0.679964
3.97781	0.839257
-0.123226	5.5523
-0.248792	-0.0372286
-0.0217531	-0.159493
0.0139523	-0.042567
0.499056	-0.0497375
0.446698	0.401442
-0.162047	0.451971
1.76441	-0.14173
4.56899	1.87164
-0.0833458	4.46322
0.224663	-0.0231748
0.0487818	0.0728292
0.0177594	0.113143
0.34436	0.0828392
0.376608	0.310204
0.0306063	0.600401
0.800568	-0.271459
4.87158	-0.170672
-0.0151151	4.36307
-0.02543	0.0555114
-0.227693	0.0592734
-0.172383	-0.068303
-0.199845	-0.093221
-0.182349	-0.0148089
-0.622157	-0.336282
0.0678095	-0.499783
3.28544	0.319456
0.0382012	3.14847
0.0690207	-0.0960006
-0.167118	0.0531819
-0.141853	-0.0519166
-0.020796	-0.0900849
0.201652	0.137114
-0.345816	0.199765
-0.560614	-0.169038
4.86511	-0.738969
-0.106485	4.78819
0.0541879	-0.0970893
0.0373027	-0.347886
-0.0022092	0.058985
0.130366	-0.0657177
0.348975	0.132605
-0.17543	0.277754
0.39108	-0.0279222
4.7942	-0.152968
-0.266647	4.65055
-0.229504	-0.332581
-0.13749	-0.0824906
-0.0522093	-0.275317
-0.0752749	-0.236381
-0.328653	-0.119653
-0.141854	-0.211864
0.580972	-0.244787
3.97862	1.15007
-0.284403	3.99435
-0.196445	-0.299731
0.0123089	-0.231347
0.0422811	0.202116
-0.0958287	-0.125656
-0.28552	-0.185795
-0.688953	-0.0415002
1.89606	-0.870291
4.95619	2.18961
-0.163867	5.21888
-0.155315	-0.206857
0.135176	-0.0561321
0.323991	0.146871
0.0891797	0.0509186
-0.0440937	0.0265103
-0.593968	-0.0283919
1.75882	-0.173284
4.15882	1.76327
-0.134921	4.15034
0.0953935	-0.0868035
0.188575	-0.0455737
0.0422238	0.146942
0.175566	0.157117
0.363159	0.226502
0.200468	0.335695
1.6019	0.0814586
3.29048	1.40564
-0.0267747	3.33533
0.0619	-0.034175
0.213459	0.0914042
0.373788	0.160046
0.325482	0.25364
-0.0849248	-0.1666
0.0710308	-0.215699
-0.930091	-0.0519143
4.25127	-0.84304
-0.168768	4.51001
-0.0193391	-0.225652
-0.149165	0.125976
-0.0902511	-0.066667
-0.114303	-0.013341
0.107001	-0.229696
-0.352131	0.0921528
-0.613893	-0.286962
3.55384	-0.325712
-0.122859	3.50815
0.0496048	-0.0820251
0.0459032	0.0676189
0.0100061	-0.125264
-0.149467	0.0444451
-0.453794	-0.0524947
-0.860732	-0.313949
0.637967	-0.725904
2.92922	0.554852
0.036082	2.84449
-0.0299548	0.0483988
-0.144359	-0.0825611
-0.0537609	-0.190985
0.162986	0.0441099
0.49402	-0.746043
2.94326	0.527717
-0.0625655	3.0383
-0.103246	0.0055537
-0.129455	-0.0351179
0.0564006	0.0852759
-0.21982	0.0972625
-0.155433	-0.175732
-0.894816	-0.268599
0.508488	-0.733157
2.95636	0.498028
-0.136695	3.03783
0.0735939	0.187014
0.231368	0.236932
0.361585	0.0609706
0.315977	0.466584
0.651951	0.345471
0.394917	0.67233
-0.13449	0.307401
5.31499	-0.025542
0.167928	5.59149
0.0492776	0.183352
-0.219688	-0.0539411
0.0936687	-0.221593
0.24321	-0.0382675
0.617048	0.204906
-0.747448	0.502989
1.35453	-0.835386
6.89253	1.62346
-0.32659	6.69867
-0.303062	-0.296693
0.025705	-0.222306
0.00595693	0.148976
0.0390606	0.086337
0.407203	0.00430716
-0.339766	0.346236
1.8015	-0.395862
5.52049	1.55689
0.0393029	5.89741
0.204274	0.0417496
-0.0653449	0.154801
-0.276175	-0.0297537
-0.269724	-0.254921
-0.26869	-0.361082
0.410051	-0.192365
1.57756	0.433567
5.58128	1.64936
-0.056278	4.4753
0.14427	0.0338982
-0.0387505	0.12145
0.123795	0.0314547
0.0823394	0.0776628
0.0824743	0.0391391
-0.140833	-0.134338
-0.319355	-0.476325
5.46791	0.131379
0.0214098	5.58548
-0.102927	-0.131277
0.0786056	-0.0261549
0.131013	0.201273
-0.478068	-0.042946
-0.0144903	-0.48134
0.445526	0.00958996
1.022	0.443662
5.30676	1.07929
-0.00623302	4.15106
0.100195	0.0400383
-0.00880551	0.00204788
-0.171973	0.0472413
0.0626987	-0.35192
0.0375108	0.0444585
-0.341997	-0.0506735
0.491695	-0.665395
5.01034	1.0567
-0.0425122	5.36056
-0.0468756	-0.198858
0.147879	-0.117624
-0.139116	0.16784
-0.507051	-0.144736
-0.0589987	-0.541335
-0.284349	-0.111501
1.41157	-0.315889
6.47321	1.49915
-0.041867	6.65829
-0.0614788	-0.0160482
0.141373	-0.0734062
-0.287243	0.112003
-0.287745	-0.291381
0.416831	-0.097903
-0.437349	0.493518
2.04025	-0.443584
5.02269	2.02849
0.0328592	5.0845
0.187608	0.0829246
0.183269	0.159267
-0.251331	0.195674
0.0131988	-0.256453
0.672677	-0.0577195
-0.534393	0.71747
1.77969	-0.517708
5.27917	1.75438
0.0947746	5.31352
0.106257	0.0884604
0.131543	0.125722
-0.271481	0.0611673
-0.0198145	-0.424833
0.0683239	-0.0809138
0.390669	0.0578034
1.35855	0.43396
6.14419	1.30271
-0.0414595	6.15657
0.135639	-0.0517697
-0.411349	0.0943094
-0.382448	-0.450517
-0.391845	-0.329297
0.268547	-0.356382
0.375321	0.434471
1.70962	0.238297
3.95093	1.79131
0.0559531	3.73559
0.126389	0.0948456
-0.146039	0.186382
0.15836	0.0550583
0.143352	0.292813
0.218442	0.348347
-0.238948	0.369805
1.83009	-0.557986
5.18007	1.88
0.069447	5.56332
0.157159	-0.0462202
0.280994	0.150977
-0.34139	0.427669
-0.398388	-0.338746
0.556964	-0.473645
-0.235117	0.265344
1.07577	-0.13504
6.67742	1.33642
-0.231368	6.43738
0.0436699	-0.218733
0.101545	0.0644201
-0.406151	0.0646645
-0.323449	-0.453586
0.000511671	-0.340666
0.0563999	-0.0659393
1.57289	0.0446819
6.54393	1.48163
-0.125878	6.11693
0.0548191	-0.16976
0.126445	0.0634824
-0.405251	0.172693
-0.497312	-0.334619
0.0082267	-0.469044
-0.18079	0.0946983
1.64903	-0.209741
6.12589	1.46708
-0.132816	6.17287
-0.111146	-0.144569
0.162551	-0.121803
-0.0283759	0.136287
-0.374191	0.0436388
-0.110265	-0.331357
-0.794447	-0.162041
2.37971	-0.811254
5.27494	2.35828
-0.154364	4.83801
0.0780926	-0.198587
0.18209	0.120082
0.0439412	0.222637
0.267799	-0.0817834
0.587101	0.283746
0.0422707	0.329727
1.73245	0.213651
3.8157	1.54429
-0.10909	3.76768
0.0260604	0.00985962
0.145934	0.0422887
0.11935	0.0408985
0.0642374	0.215007
-0.429418	-0.109423
-0.332211	-0.361557
-0.449746	-0.227967
4.7273	-0.517952
0.0757478	4.57226
-0.374889	-0.0456322
0.12167	-0.275344
-0.190911	0.0344001
0.135868	-0.193089
0.42817	0.357746
0.209814	0.55207
1.09041	-0.547052
6.03186	0.787812
-0.0816177	6.05834
-0.325009	-0.165677
-0.119108	-0.396401
-0.0468899	-0.0956334
0.312919	-0.0615472
0.232716	0.204923
-0.159351	0.422928
1.39929	-0.0323997
4.75346	0.741425
-0.153309	4.70269
-0.215889	-0.257518
-0.0840746	-0.105516
-0.212497	0.117944
0.222753	-0.139909
-0.608805	-0.0590266
-0.726181	-0.679493
0.249106	-0.59204
3.33257	0.94511
-0.12653	3.06726
0.026717	-0.0927365
-0.149606	-0.0268615
-0.00364802	-0.144914
0.0779108	-0.000597517
-0.333096	-0.077664
-0.651702	-0.230748
0.887432	-0.791425
5.80742	1.53712
-0.00459429	5.21795
0.00609959	-0.118267
0.164877	0.134509
-0.267659	0.0848873
-0.0454048	-0.332818
-0.26063	-0.104007
-0.470372	-0.371938
1.86863	-0.350884
5.70353	1.84929
-0.230734	5.33819
-0.103129	-0.229127
0.178366	-0.106197
-0.243688	0.0513619
0.113283	-0.00976091
0.0332829	0.0371341
-0.26768	-0.205469
0.231912	-0.271098
4.41663	0.0913276
-0.144145	4.46502
0.00965093	-0.0380921
-0.0817829	-0.106099
-0.354807	0.0968553
0.15749	-0.151837
0.182191	0.193831
-0.342853	-0.0870259
0.274247	-0.299963
4.21155	0.949786
-0.0431753	5.19021
-0.0953173	-0.0601611
-0.125538	-0.0902684
-0.105538	-0.141321
0.360887	-0.149586
0.553954	0.408171
-0.325281	0.113859
0.922804	-0.47141
2.9783	0.915949
0.10591	2.99743
0.0299864	0.108091
-0.050193	0.0818199
0.0553139	-0.0294232
0.0575409	0.0192212
-0.233367	-0.0532698
-0.220135	-0.486883
1.38698	-0.12909
3.51	0.937267
0.146466	4.01364
-0.0630386	0.0042285
-0.135345	-0.00215065
-0.0534204	-0.0718001
0.29159	-0.102168
0.343245	-0.0136163
0.184853	0.533225
2.22124	0.267771
4.13289	1.99224
-0.159766	4.11131
-0.0292846	-0.103335
-0.0820679	-0.0721785
-0.127323	0.0161201
0.17359	-0.137703
0.57351	0.40115
0.0589462	0.43886
1.20969	-0.274333
3.20849	0.984304
0.104629	2.93395
0.0676236	0.123524
-0.249604	0.182816
-0.232258	-0.137345
-0.340607	-0.181138
0.274478	-0.334421
-0.741075	0.343275
0.767695	-0.601878
3.90739	1.08089
0.373768	4.26459
0.262077	0.0845643
0.0294062	0.292885
-0.475659	0.0401126
-0.194602	-0.460562
0.324847	-0.342722
-0.400296	0.199192
1.51933	-0.270422
5.41161	2.05695
-0.0798711	5.0331
-0.0204466	-0.0290335
-0.122723	-0.0313258
-0.534122	-0.227112
-0.234157	-0.57207
0.21287	-0.089628
0.356927	0.235592
1.87725	0.253477
3.72629	1.91846
-0.0575137	3.68302
-0.23437	-0.182804
-0.237865	-0.265756
0.0441278	-0.145825
0.0495557	0.101842
0.0930349	0.061687
-0.115408	0.349924
1.29641	-0.205525
3.28252	1.29635
0.0111125	3.4149
-0.0738721	-0.0149236
-0.0277821	-0.0984407
-0.170007	-0.0105921
-0.0132774	0.113779
-0.23856	-0.0136902
-0.68847	-0.192993
0.5601	-0.74062
2.87662	0.661731
0.0842268	3.05427
0.0623298	0.0894276
-0.0445437	0.035721
-0.0597037	-0.0428785
-0.197966	-0.122508
0.502354	-0.761697
2.64515	0.565314
0.09584	2.77073
0.0799612	0.0265162
-0.146793	-0.0500395
-0.0178117	0.0285304
-0.161304	0.0610578
-0.273375	-0.0226145
-0.629442	-0.421538
1.36393	-0.587273
4.2383	1.74477
-0.220125	5.13239
-0.0870184	-0.198398
0.145201	-0.0862101
-0.265897	0.00388552
-0.438535	-0.229405
-0.288968	-0.376116
-0.447349	-0.512224
1.67765	-0.377429
6.73663	1.73516
-0.0438294	6.60143
0.0735519	-0.0156554
-0.126369	0.0795268
-0.46813	-0.131795
-0.372892	-0.469963
-0.328567	-0.339461
-0.314241	-0.324921
1.6159	-0.367268
7.15108	1.3221
-0.129637	7.24157
0.0556101	-0.184272
0.0978802	0.0191102
-0.167383	0.068225
-0.304878	-0.0605611
-0.150528	-0.228706
-0.660334	-0.150767
2.1454	-0.787781
4.79263	1.73145
-0.0771411	4.66756
-0.0280977	-0.0773588
0.262534	0.0167012
0.0556632	0.35438
0.0942988	0.244538
-0.0129632	0.0927919
-0.119054	-0.290588
-0.331691	0.337191
4.85651	-0.489119
-0.241953	5.00314
0.0893579	-0.111393
-0.22819	0.0539907
0.297775	-0.179269
-0.134985	0.357052
0.41813	-0.37501
0.169107	0.218147
1.05441	0.432157
5.34985	0.988312
-0.146717	5.33676
0.165976	-0.192495
0.117346	0.100613
0.461624	0.0756408
-0.054159	0.391931
-0.0388047	-0.00991485
0.844152	-0.232713
0.575575	0.748386
4.93641	0.535603
-0.255969	4.78121
-0.0070175	-0.188249
0.176657	-0.015757
0.28717	0.248582
0.294916	0.274138
0.0180521	0.308944
-0.212881	0.245264
1.32567	-0.222035
5.19107	1.73517
-0.442941	5.80222
-0.345288	-0.486423
0.0356889	-0.392698
0.0304114	0.00853254
0.247231	-0.00617337
0.551435	0.280837
-0.877736	0.6076
1.11837	-0.811448
6.36029	0.958175
-0.0895653	6.21036
-0.376915	-0.0500398
-0.198109	-0.318107
0.0415374	-0.205681
0.334885	0.0296306
0.862848	0.332271
-0.390223	0.846395
0.37391	-0.432129
6.54324	0.471371
-0.0669562	6.60063
-0.19602	-0.136305
-0.187932	-0.245973
0.0149667	-0.108544
0.106072	-0.00666972
-0.111883	-0.112066
-0.197321	-0.119296
1.82261	0.025194
5.73034	1.97539
0.0107609	5.71988
0.0613539	0.0191692
-0.205915	-0.0196807
-0.484174	-0.210224
-0.322817	-0.577117
0.352566	-0.439649
0.693225	0.358494
1.81087	0.681028
4.32227	1.82404
-0.079078	4.26181
-0.126188	0.0089427
-0.030041	0.00149093
0.189875	0.0258716
0.0525894	0.127671
-0.0102175	-0.0210046
-0.217555	-0.201437
-0.05887	-0.300904
5.25442	-0.400937
-0.244241	5.23077
0.0747537	-0.217749
-0.148072	-0.0543279
-0.310086	0.0613415
-0.00660199	-0.0868579
-0.324495	-0.00458412
-0.404264	-0.297648
1.12427	-0.497061
5.60655	1.70235
-0.186656	6.26575
-0.067995	-0.2202
-0.0192568	-0.011818
-0.113534	-0.00968845
-0.067897	-0.12386
-0.222053	0.0372223
-0.591457	0.011992
2.06877	-0.713534
4.74531	2.1543
-0.0945923	4.54092
0.137157	-0.160982
0.0890264	0.142629
-0.1698	0.0593717
0.058374	-0.0832083
0.447615	0.246919
-0.360123	0.287174
1.19745	-0.271076
3.17433	1.07226
-0.0199801	2.88216
-0.132153	-0.0839738
-0.259366	-0.22263
-0.0340586	-0.415598
-0.233733	-0.324015
-0.388004	-0.425301
-0.346835	-0.416988
1.33908	-0.393803
3.89515	1.79418
-0.0233701	5.0127
0.0363179	0.017131
0.197827	0.00777379
-0.173823	0.214049
-0.044847	-0.200297
0.54925	-0.11579
-0.616125	0.545648
1.67603	-0.762136
5.60053	1.55544
-0.367551	5.65357
-0.048996	-0.388755
0.343871	-0.0734468
0.0121006	0.138717
0.183684	-0.0883896
0.137507	0.242186
-0.783767	0.1436
1.35888	-0.693727
6.25242	1.31423
-0.196628	5.49803
-0.339907	-0.110364
-0.216915	-0.286658
-0.130311	-0.272065
0.455214	-0.163707
0.474476	0.381158
-0.542978	0.368872
1.43631	-0.664563
3.89728	1.17287
0.202304	3.68751
-0.036771	0.156537
-0.00618385	-0.0200987
0.113763	0.0800791
0.170484	0.185491
-0.0826429	0.138907
-0.688989	-0.0470221
0.827522	-0.684971
2.8701	0.96459
-0.00688477	2.79322
-0.0480313	-0.106909
-0.0887216	0.0116421
0.153961	-0.0704279
-0.116921	0.240015
0.556756	-0.712498
2.77836	0.547489
-0.00247055	2.68106
0.0744533	0.0351256
-0.0108002	0.00963294
0.02749	-0.152092
-0.251682	-0.032475
-0.316997	-0.131413
-0.991847	-0.113864
0.672298	-0.767596
2.69275	0.665428
0.0503032	2.76946
-0.0212131	0.0823734
0.153167	0.0165769
0.146282	0.0695002
0.286271	0.174296
0.375247	0.0789035
0.0173535	0.238097
1.38616	-0.102606
5.10179	1.5281
-0.393613	5.22839
0.111773	-0.395627
0.22168	-0.0425429
-0.132557	0.117133
-0.21108	-0.14684
-0.153537	-0.191944
-0.239325	0.0223382
1.80557	-0.110513
5.88312	1.76634
-0.397407	5.46773
-0.186981	-0.377731
0.235118	-0.286266
0.130756	0.017819
0.52266	0.112002
0.322664	0.539529
-0.467511	0.790822
0.883464	-0.23415
5.99218	0.874281
-0.0175377	5.91162
-0.0397538	-0.00913282
-0.121244	-0.0951207
0.110518	0.0200674
0.244169	0.192193
0.166102	-0.046526
-0.343691	0.17404
0.377276	-0.678912
4.9732	0.413313
0.0776054	5.18709
-0.017811	-0.0328011
0.162056	0.140893
0.161433	0.0229789
-0.0505486	-0.0905757
0.0651984	-0.0315793
0.0959259	0.029012
1.71096	0.302834
5.14361	1.65121
-0.0216974	5.23936
0.120979	-0.0700589
0.114613	-0.0589842
0.0862417	0.092274
0.225481	0.326053
-0.0899088	0.251253
-0.280161	-0.14185
-0.267116	-0.470864
5.22056	-0.667566
-0.130921	5.15631
-0.0934599	-0.167983
-0.405037	0.00616072
0.293117	-0.400586
0.0953166	0.00455994
-0.167757	-0.0498165
-0.388056	-0.173461
-0.903105	-0.527462
4.68792	-0.668217
-0.134807	4.21978
-0.166265	-0.0322272
-0.0840859	-0.146376
0.0395648	-0.12712
0.388627	0.114647
0.000668886	0.270474
-0.149899	-0.0466007
1.09887	-0.145626
6.64892	1.19961
-0.411517	6.67252
-0.141179	-0.426643
0.1892	-0.116644
-0.238101	0.201455
-0.0997848	-0.27692
-0.0992198	-0.164573
0.0670273	-0.156852
1.79381	0.038553
5.97726	1.78225
-0.315791	5.96686
0.0159982	-0.301192
0.167536	-0.0109026
-0.126783	0.0815208
-0.167287	-0.118638
-0.602486	-0.193
0.226799	-0.563643
1.88334	0.174801
6.19263	1.95966
-0.240699	6.19907
-0.179764	-0.196124
-0.0340832	-0.105037
-0.03963	0.0689879
-0.372335	-0.13247
0.211747	-0.129765
-0.186654	0.162123
1.94338	0.145985
4.41433	1.85238
-0.156605	4.38407
0.0775293	-0.0602698
-0.0492726	-0.120327
0.156792	-0.235697
0.212313	0.190136
-0.561431	0.0450741
0.117746	-0.341522
-0.781827	-0.0295877
5.07446	-0.683949
-0.0569453	5.1871
0.101201	0.0285715
0.00108272	-0.0738716
0.141635	-0.0273702
-0.313491	0.108524
-0.107379	-0.14596
-0.424178	-0.0183445
1.31279	0.101775
5.26552	1.55897
-0.0600032	5.3129
0.0722908	-0.140953
0.0651059	0.135833
-0.272077	0.0224451
0.139191	-0.250454
0.684584	0.134446
-0.655522	0.725179
1.74929	-0.624443
4.68975	1.79266
-0.0405754	4.74241
0.240142	-0.0796751
0.328576	0.228429
-0.184838	0.337532
0.261918	-0.223606
0.928379	0.278559
-0.598242	0.959185
1.75625	-0.47979
4.50357	1.53385
-0.190865	4.28112
0.232826	-0.187058
0.204104	0.266738
-0.00339303	0.209528
0.266359	-0.0400578
0.279196	0.295552
-0.651282	0.315892
0.792386	-0.642043
6.91597	1.12137
-0.286966	6.6354
-0.381729	-0.236968
-0.221426	-0.352144
0.0719202	-0.103961
0.357771	0.110268
0.538099	0.386407
-0.00106243	0.346475
1.31183	-0.297579
3.40727	1.30705
-0.101318	3.41231
-0.106295	-0.0186451
-0.148256	-0.0139232
-0.122223	-0.0861825
-0.179512	0.0608777
-0.0495574	-0.200145
-0.495827	0.336463
-0.361214	-0.717378
4.46443	0.0225329
-0.403228	4.40631
0.171698	-0.294451
0.16527	-0.11723
-0.0317564	0.143299
-0.116341	-0.0377538
-0.154327	-0.13879
-0.201431	-0.0468543
1.84762	-0.489793
6.4091	1.66874
-0.442398	6.11103
-0.115162	-0.435199
0.422556	-0.0309981
0.118844	0.114049
0.159471	0.358685
-0.13118	0.154246
-0.662094	-0.0943038
0.445433	-0.830599
4.76735	0.926866
-0.0915851	3.62791
-0.0319794	-0.0523946
0.186709	-0.201223
0.0383435	0.15997
0.0372839	0.0857953
0.211435	0.0870559
-0.4794	0.148947
2.03584	-0.372999
4.59185	1.87004
-0.168643	4.70642
0.131348	-0.122127
0.132902	0.177995
-0.316049	0.14634
0.20792	-0.309636
0.775267	0.231612
-0.328519	0.685374
1.44769	-0.00120412
5.21398	1.0197
-0.118924	5.50009
0.0150331	-0.171986
0.088833	-0.0192122
-0.211478	0.109855
0.203888	-0.189448
0.563733	0.339256
-0.140779	0.265999
1.54494	-0.191754
5.32591	1.6528
-0.18611	5.34148
0.154883	-0.175943
0.0411694	0.165089
-0.217169	0.0665282
0.14403	-0.216629
0.752237	0.15231
-0.7767	0.724713
1.68737	-0.859474
5.04366	1.77667
-0.163704	5.16008
0.228054	-0.147378
0.198593	0.237762
-0.182206	0.0630931
0.0163386	-0.157613
-0.251904	-0.146747
-0.663167	-0.245955
1.85179	-0.682196
6.23131	1.91885
-0.070923	6.03959
0.0614407	0.00695755
-0.092607	0.156649
-0.237119	0.0998505
0.201513	-0.139342
0.307515	0.199194
-0.0600033	0.201795
2.07627	0.105273
3.78039	1.85048
-0.0392367	3.51787
0.198449	0.0346337
-0.0133826	0.0606479
0.200284	0.0579707
-0.0881484	0.137543
-0.147877	0.0175783
-0.654631	0.133214
0.652629	-0.966371
4.38246	0.401187
0.0580837	4.2211
-0.260301	0.207639
-0.119056	-0.174679
0.198017	-0.12104
0.426184	0.138137
0.165676	0.412073
-0.0278005	0.292513
0.816286	-0.000560624
5.88052	0.919054
-0.114892	5.69388
-0.291409	-0.139215
0.0338279	-0.313646
0.031241	0.0759498
0.151943	0.259071
0.245626	0.0890473
-0.39768	-0.0472298
-0.152726	-0.203234
5.02483	-0.212187
0.0859641	4.96704
0.11113	0.079411
-0.107114	0.090723
-0.0218172	-0.243067
0.132311	0.071381
0.142014	0.378497
-0.0155718	-0.066806
1.91701	-0.0313215
5.72275	1.8367
-0.171854	5.81921
-0.0957682	-0.173181
0.0524705	-0.0465379
-0.277152	0.100874
-0.257732	-0.322468
-0.162556	-0.226153
0.129224	-0.137951
1.71935	0.152273
4.49601	1.52761
-0.250874	4.47036
0.0401945	-0.15956
-0.0707268	0.0535071
0.0526678	-0.0892397
-0.17991	-0.0687628
-0.461976	-0.180624
-0.10773	-0.389722
-1.08571	-0.256575
5.01555	-1.05662
-0.13068	4.92374
0.050735	-0.156242
0.0031523	0.100279
0.078842	-0.073601
-0.175466	0.0879653
0.164003	-0.309631
-0.0225653	0.0758156
1.67739	0.117007
6.02557	2.09578
-0.0234558	6.01446
0.202675	-0.0949229
0.0552683	0.168551
-0.508267	0.161141
-0.413501	-0.402003
0.176857	-0.409441
0.471644	0.306353
1.39718	0.487469
3.40493	1.62977
0.00387033	3.2893
-0.0259673	0.0821556
-0.0926203	0.0209888
-0.177017	-0.0272641
0.00272911	-0.102587
-0.0600622	-0.0216798
-0.232739	0.065055
1.8845	-0.0137931
4.32741	2.05206
-0.176584	4.53813
-0.0203326	-0.226886
-0.167004	-0.015395
-0.416596	-0.137072
0.0748338	-0.304166
0.573595	0.143092
-0.0592483	0.505881
1.95319	-0.167281
4.17085	2.04206
-0.104485	4.10196
0.115821	-0.0622946
0.0101258	0.175249
-0.0904054	0.0601048
0.223116	-0.181205
0.181708	0.363465
0.44066	-0.361106
1.15869	0.210991
5.64626	1.11359
-0.210606	5.61222
-0.377873	-0.216681
-0.128768	-0.405042
0.23053	-0.0220708
0.154039	0.0822349
0.308599	0.256247
-0.812581	0.25791
1.34003	-0.772156
6.17791	1.23526
-0.330585	6.22305
-0.275582	-0.328619
-0.152433	-0.278979
-0.17091	-0.135107
0.234046	-0.349924
0.513034	0.440583
-0.334874	0.357067
1.29346	-0.192905
5.04643	1.37174
-0.285847	4.8558
-0.264291	-0.279044
-0.03278	-0.280302
0.0460911	-0.107466
0.307085	-0.0384441
0.469162	0.425564
-0.245912	0.421115
0.85765	-0.318859
4.03046	0.232692
0.00529673	4.1245
-0.0290204	-0.239348
0.0736582	-0.097017
-0.122259	0.070577
-0.0502796	-0.171213
-0.188515	0.0391161
0.0500441	-0.246239
-0.41389	-0.0823562
4.09812	-0.770158
-0.321497	4.10011
0.103171	-0.213777
0.930164	-0.66452
2.92825	0.637869
0.130008	2.85267
-0.0102852	0.216508
-0.148808	0.0169311
0.0100109	0.00475584
-0.0844444	0.123359
-0.145329	-0.153209
-0.636054	-0.189284
0.831056	-0.57048
3.46934	0.93458
0.0359887	3.46281
-0.071607	-0.0452507
0.0200676	-0.0196958
-0.109793	-0.0439759
-0.240592	-0.285289
-0.188873	-0.26721
0.408036	-0.228844
2.21505	0.274102
5.21091	1.90041
-0.0320524	4.94479
0.286546	-0.134885
0.228166	0.297951
0.0172855	0.217282
0.188538	-0.00826036
0.304089	0.154999
-0.429725	-0.0605405
2.62782	-0.396482
5.92022	2.59777
-0.0292112	6.29277
0.0220459	-0.0294667
-0.0724084	0.00557838
-0.0842808	-0.0443204
-0.0322874	-0.0747798
-0.498195	0.00265271
-0.253815	-0.494556
2.45521	-0.176586
5.36683	2.44934
0.00434179	5.34004
0.0362415	-0.0469956
0.0977287	0.085069
-0.024194	0.15747
-0.0112176	-0.0326119
0.135925	0.00102819
-0.385462	0.399301
0.218633	-0.519146
4.59411	0.557947
0.234593	4.51877
0.0288505	0.0871938
0.151925	-0.0886235
0.0923798	0.190606
-0.306807	0.0204989
0.0730693	-0.286083
-0.210808	0.230195
1.84568	0.103851
6.16013	1.64715
-0.190576	6.16755
0.0184596	-0.107402
0.041707	0.0946697
-0.413344	0.0121474
-0.363594	-0.415732
-0.0760728	-0.345139
-0.324458	-0.0912951
1.15194	-0.328298
7.08714	0.958116
-0.331272	7.0245
-0.398078	-0.194703
-0.212466	-0.31777
-0.0429869	-0.169177
0.310904	-0.0671
0.355953	0.418191
-0.34797	0.520031
1.99879	-0.236552
4.63096	1.72233
-0.103835	4.43788
0.279879	-0.0182173
0.0455442	0.148571
0.05148	0.0160897
0.176165	0.354399
0.095365	0.172763
-0.185486	0.0686057
-0.536007	-0.344654
5.19778	-0.799712
0.153471	5.21718
-0.146401	-0.0507136
0.0323996	-0.204528
0.140402	-0.196157
0.0677415	0.234994
0.271595	0.0516984
-0.659492	-0.0850746
0.351365	-0.708146
3.41446	0.456099
-0.0530772	3.85759
-0.0504279	-0.0782057
-0.0590903	-0.0992806
0.0521021	-0.123043
0.58811	0.101581
0.764082	0.481386
-0.507667	0.775173
1.15482	-0.654882
6.12899	0.995959
-0.101232	5.52762
-0.211462	-0.209378
0.0875593	-0.204548
-0.0346735	-0.0107071
0.0529963	-0.063792
-0.0537794	-0.0505114
-0.652988	-0.154176
1.18558	-0.646738
7.34466	1.27423
-0.367515	7.26393
-0.0499764	-0.363403
0.20892	-0.12248
-0.216534	0.24669
-0.39659	-0.132045
-0.138367	-0.430442
0.00779212	0.0825783
1.47242	-0.0192778
4.83528	1.53185
-0.0968343	3.89089
0.0585039	-0.124778
0.269556	0.0201308
-0.140166	-0.0195076
-0.084094	-0.0309049
-0.211787	-0.170559
-0.458509	-0.323133
0.623536	-0.218015
4.61829	1.45253
-0.123136	6.41062
0.086079	-0.140152
-0.0348014	0.0517815
-0.401769	0.0529142
-0.289766	-0.302668
0.0287322	-0.257978
-0.1022	0.158658
1.94749	0.0248303
4.43938	1.85677
-0.242774	3.74435
0.0842149	0.13979
-0.0572744	0.0706298
0.0899766	-0.213657
-0.171719	-0.327186
-0.00845242	-0.0900246
-0.828451	-0.0656636
1.01041	-0.662572
4.43342	1.23174
-0.120581	5.7849
-0.237357	-0.227114
0.223403	-0.27476
-0.0998748	0.204053
-0.364926	-0.141745
0.0207308	-0.0277379
-0.789712	0.531932
1.97918	-0.827497
5.40994	1.95958
0.0349848	5.38424
0.259483	0.051418
0.0127766	0.173492
-0.336201	-0.157711
-0.308568	-0.338788
-0.309099	-0.501715
-0.607132	-0.324881
1.48964	-0.723092
7.15447	1.46861
-0.172459	7.04839
-0.171746	-0.214794
0.135903	-0.305618
-0.0666477	0.165274
0.132361	0.120105
-0.0035827	-0.0556229
-0.35189	-0.0175134
1.56108	-0.371855
3.5334	1.25126
-0.0923556	4.02243
-0.00780543	0.0501851
-0.0622004	-0.05625
-0.143183	-0.192273
0.404204	0.0285756
0.57351	0.476808
-0.196997	0.833505
0.0739386	-0.147643
6.23249	0.163689
-0.0820735	5.29417
0.147914	-0.0968233
0.148423	0.202598
0.0767904	0.116305
0.251621	0.161134
0.364929	0.449159
-0.103645	0.315471
1.38691	-0.069653
3.60025	1.39557
-0.0560837	3.77582
0.196216	-0.154175
0.301235	0.248022
0.150138	0.25304
0.242848	0.252264
0.0941861	-0.00736932
-0.522943	0.0986552
1.62058	-0.560555
6.31091	2.12329
-0.468642	6.45717
-0.147208	-0.399173
0.00205734	-0.101222
-0.169836	0.0404437
0.00740078	-0.259211
-0.197499	-0.0366382
-0.0626998	0.0483037
1.61189	-0.287103
4.04497	1.36787
-0.173636	3.56517
0.0275754	-0.131674
-0.163323	0.0182956
-0.00928468	0.0574872
0.0756815	0.0776935
-0.112582	-0.165255
-0.533223	-0.244715
0.916281	-0.882605
3.57366	1.13569
0.167667	3.46074
-0.10483	0.0311741
-0.105411	-0.0559345
-0.356211	-0.13571
0.179646	-0.418524
0.181627	0.189346
-0.408764	0.578243
1.78163	-0.452084
4.64049	1.92362
0.00161918	4.70691
0.241291	0.0242505
0.25807	0.242033
-0.0302457	0.238637
0.134294	-0.141309
0.607977	0.151788
-0.633017	0.598418
1.93187	-0.672879
4.59468	1.95939
-0.0391377	4.59545
0.392793	-0.095796
0.268602	0.370271
-0.0948616	0.106544
-0.0312713	-0.264713
-0.143361	-0.0838369
-0.709806	0.000254228
2.1077	-0.735557
6.18286	2.08176
-0.398311	6.47976
-0.11195	-0.372878
0.175318	-0.132615
-0.205892	0.237644
-0.270768	-0.206666
0.531076	-0.252059
-0.808871	0.529346
1.44973	-0.715691
6.54737	1.36956
-0.284787	6.52134
-0.0225289	-0.306735
0.229713	-0.0103006
-0.218172	0.249788
-0.195981	-0.126441
-0.0683978	-0.265327
0.207347	0.184018
0.711767	0.442658
4.86469	0.242133
-0.257195	4.86379
0.154414	-0.17045
-0.205194	0.110115
0.0285587	-0.089349
0.0721703	-0.085027
-0.665324	-0.00247026
0.151082	-0.354758
-0.367053	0.0087511
4.54805	0.58988
-0.0785139	5.01549
-0.0434113	-0.15255
0.218061	-0.0866939
-0.305859	0.185003
-0.451172	-0.228265
-0.102873	-0.423113
-0.211766	-0.226351
1.96303	-0.110962
4.33996	1.48479
-0.0455562	3.93162
-0.0807018	0.0309464
0.0430669	-0.0273468
0.411587	0.0261655
-0.251502	0.320094
0.273117	-0.221978
-0.211409	0.0492339
1.94616	-0.430023
6.14004	1.7895
-0.176718	6.42411
0.0411339	-0.187477
0.104725	0.0159205
-0.254389	0.149705
-0.412989	-0.193344
-0.289773	-0.376318
-0.976913	-0.284032
1.92721	-0.974066
5.98024	1.91761
-0.217364	5.80856
-0.161876	-0.269684
0.109911	-0.210655
0.081931	-0.105254
0.445572	0.104081
0.120479	0.466659
-0.771755	0.241734
1.7113	-0.26195
4.53757	1.74021
-0.102302	3.91145
0.0457788	0.0875291
0.0110206	0.114724
-0.0827904	0.045295
0.267391	-0.147053
0.34732	0.135979
-0.130776	0.343799
1.34493	-0.21662
3.22103	1.28443
0.0693294	3.24811
0.107228	0.195129
-0.00119018	0.105035
0.187342	0.118068
-0.379323	0.10973
-0.349186	-0.189229
-0.741375	-0.199392
0.726396	-0.665646
2.94094	0.578672
0.109824	2.94498
-0.0610932	0.178373
-0.10768	-0.120619
-0.0804956	-0.0325328
0.0766529	-0.0224243
0.628106	-0.737569
2.76166	0.554744
0.0744614	2.69391
0.0138847	0.155027
-0.0794577	-0.0190743
-0.10313	-0.121146
0.0586025	0.177208
-0.113913	0.0297516
-0.836219	-0.277995
0.49848	-0.706896
2.62131	0.36604
-0.0747674	2.89568
0.0140577	0.133974
-0.106025	-0.160026
-0.433315	-0.0782047
0.0155815	-0.469204
0.863141	-0.0114108
-0.235326	0.824949
1.72002	-0.417759
5.20073	1.55551
-0.0461845	5.12589
0.137522	-0.0119453
0.203849	0.134163
-0.300737	0.209885
-0.0548687	-0.250667
0.823588	-0.0707886
-0.248014	0.772652
1.64217	-0.255289
4.92977	1.64184
0.0542147	4.98553
0.139059	0.0437921
0.0274769	0.0160365
-0.43205	-0.0938884
-0.154069	-0.317891
-0.0158777	-0.25071
0.499831	-0.329121
1.24018	0.616574
5.18641	0.338241
-0.275196	4.96086
0.269952	-0.186463
0.0395759	0.0874547
-0.218854	-0.0111284
0.0833512	-0.103
-0.603188	0.191502
-0.395147	-0.387354
-0.253297	-0.499902
4.64743	-0.0188497
-0.153706	4.71199
-0.340418	-0.210321
-0.056116	-0.157386
-0.167427	0.113137
-0.141695	-0.103166
-0.187308	-0.0692944
-0.911719	-0.0661924
0.889755	-0.816857
7.45828	0.630359
-0.195272	7.35522
-0.250411	-0.140608
-0.280016	-0.130322
-0.272115	-0.103237
0.382328	-0.27069
0.286842	0.366015
0.0257864	0.263151
1.38653	0.0531764
4.21891	1.6241
-0.0870265	3.93704
0.0132162	-0.14562
0.158947	-0.0271687
0.219854	0.125982
0.40755	0.117777
0.484818	0.423448
-0.407376	0.10932
0.997039	-0.723783
6.20528	1.45384
-0.431913	6.57235
-0.329131	-0.386987
0.0295636	-0.271196
-0.163425	0.10486
-0.264809	-0.223322
0.0712352	-0.3086
-0.593761	0.0523444
1.36285	-0.537774
6.84448	1.4487
-0.344604	6.83031
-0.0571707	-0.377948
0.134745	-0.0593525
-0.186465	0.164955
-0.00495984	-0.11306
0.052807	0.0120554
-0.317471	-0.0141162
1.5949	-0.38278
3.25249	1.43468
-0.240079	3.49901
-0.0787775	-0.0869378
-0.0869903	-0.0697518
-0.26173	-0.0364782
-0.0437236	-0.0300825
-0.250148	-0.13417
-0.151761	0.0384271
1.75953	-0.0319446
5.35682	1.75793
-0.0994128	4.96581
0.130138	-0.135382
0.182213	-0.0326326
-0.256193	0.199524
-0.222931	-0.306443
0.463618	-0.301951
-0.222681	0.38328
1.75998	-0.00159345
5.38114	1.67378
-0.0934218	5.25755
0.23057	-0.123053
0.309329	0.236227
-0.257102	0.423893
-0.01969	-0.217384
0.768846	0.0384047
-0.834392	0.727123
1.82372	-0.887881
5.18653	1.55756
-0.109336	5.61641
0.243205	-0.0652501
0.0367018	0.193826
-0.176307	0.0154914
0.0397096	-0.131969
-0.311185	0.0203707
-0.535829	-0.172055
2.13678	-0.265608
4.24932	1.75064
-0.258251	4.13201
-0.0256558	-0.0811165
-0.10922	-0.0712671
-0.0485517	-0.121869
0.0946769	-0.22992
-0.447359	0.160344
-0.42148	-0.317332
-1.09751	-0.535088
4.68373	-0.979797
-0.279781	4.62271
-0.193745	-0.189548
-0.306603	-0.0942251
0.0178878	0.173975
0.439155	0.0622779
-0.0401638	0.403317
-0.435232	0.0796443
1.64928	-0.446469
5.77726	1.86295
-0.461661	5.87552
-0.0762483	-0.455196
0.230817	-0.088977
-0.199843	0.234677
-0.181937	-0.230614
-0.0610062	-0.257748
-0.732476	-0.0500992
1.88708	-0.719833
6.33395	1.86523
-0.250622	6.22675
-0.00891923	-0.213453
0.0758254	-0.0242179
-0.155221	0.118622
-0.420298	-0.260226
0.555824	0.0142812
-1.08792	0.490502
1.26448	-0.967351
5.18159	1.86865
-0.120864	4.95991
0.134973	-0.112451
0.136993	0.142656
-0.0780789	-0.00484013
-0.28499	-0.243459
0.319616	-0.181126
-0.406452	0.386244
1.86268	-0.27629
5.14121	1.69523
-0.0959786	5.02962
0.0371868	-0.101223
0.0423811	-0.1132
0.269968	0.08832
0.331771	0.219316
0.700769	0.109522
-0.204936	0.664943
-0.121733	-0.241588
5.00328	-0.0550358
-0.239616	4.98432
-0.0302863	-0.215055
-0.194196	-0.0137667
0.21636	-0.0358995
0.0503033	0.0787075
0.877722	0.0876
-0.00989554	0.819809
0.619937	-0.13985
5.6912	0.665431
-0.00429922	5.81957
-0.267325	0.0186354
-0.374353	-0.310003
0.0817465	-0.355443
0.270694	-0.118165
0.293801	0.238964
-0.569012	0.241709
0.993792	-0.746291
4.98547	1.3731
-0.0771257	5.32948
-0.256504	0.00882792
-0.0841973	-0.236199
0.0553352	-0.0311728
0.380939	0.191049
0.103728	0.407188
-0.847395	0.203839
0.764773	-0.742533
2.87432	0.555609
0.088979	2.80243
-0.0104838	-0.0259123
0.0333539	0.0510008
0.0708027	0.0416313
-0.019351	0.0630226
-0.110351	-0.123241
-0.519732	-0.311385
0.615723	-0.745349
2.83863	0.625329
-0.00312072	2.72273
0.709208	-0.721637
3.02733	0.499273
0.217506	3.03883
0.0537609	0.0668049
-0.12014	0.0880617
0.0217768	-0.014661
-0.0335354	0.137978
-0.271575	-0.200563
-0.755423	-0.34298
0.638248	-0.696694
2.84259	0.573755
0.00136589	2.92275
-0.034874	0.0719564
0.0736316	0.023636
0.102406	-0.145755
0.44476	-0.0640428
0.244377	0.31758
-0.29579	0.401527
1.4075	-0.285206
6.23374	1.27233
-0.20151	6.43345
-0.347319	-0.256328
-0.00987917	-0.31059
-0.00725033	-0.000820827
0.387038	0.229728
0.16679	0.396381
-0.01033	-0.0457019
-0.560494	-0.102893
5.10161	-0.450395
-0.18559	5.14528
-0.0985873	-0.12522
-0.0881267	0.00102427
0.179873	-0.259951
0.207682	0.26041
0.198369	0.00992757
-0.279318	0.344661
1.29213	-0.294832
6.11369	1.37317
-0.223593	6.12826
-0.20304	-0.22421
0.274791	-0.267201
0.241023	0.300635
0.157462	0.14452
0.749214	0.179941
-0.0534456	0.585555
2.04867	-0.0217321
4.66083	2.09979
-0.0285186	4.57861
-0.0414098	-0.0594226
0.155522	-0.0530843
0.180553	0.0959665
0.168117	0.326589
0.540332	0.26583
0.203457	0.544902
0.872332	-0.390238
5.2892	0.843137
-0.0540873	5.43983
-0.289108	-0.137081
0.0250633	-0.303945
0.197405	-0.0353717
0.34027	0.232522
0.047261	0.230144
-0.484801	-0.0905658
1.40762	-0.420466
6.79937	1.40517
-0.17738	6.71013
0.0479056	-0.143706
-0.181904	0.085621
-0.0226001	-0.156695
-0.0694507	0.053479
-0.191092	-0.08556
0.047309	-0.0625234
1.69571	-0.151862
3.69265	1.62822
-0.0422054	3.48852
0.110685	-0.0469201
-0.0256185	0.141187
0.0414644	0.0820621
0.272953	0.21079
-0.205653	0.272341
-0.0469395	-0.148339
1.37775	-0.124804
5.87801	1.48726
-0.0249551	5.75479
-0.0511647	-0.0391874
-0.163328	0.00521516
-0.319766	-0.0950479
0.222708	-0.378216
0.641745	0.244966
-0.222036	0.741698
1.83246	-0.0318598
4.44862	1.99689
-0.227478	4.14551
0.133915	-0.16724
0.192042	0.16672
0.0781494	0.153342
0.333127	0.271616
-0.0674542	0.175333
-1.07002	-0.0573152
0.0784526	-0.790212
4.90959	0.149294
-0.0449846	5.5222
-0.11664	-0.0524215
-0.280504	-0.253805
-0.148646	-0.168653
0.531689	-0.0769718
-0.0562586	0.503948
-0.346663	0.079935
1.88104	-0.254524
4.76728	1.97219
-0.150993	4.80216
0.194282	-0.171724
0.193865	0.240464
-0.118477	0.214662
0.252739	-0.11077
0.459593	0.24139
-0.76414	0.349361
1.95689	-0.46295
5.86705	1.91892
-0.180861	6.04599
-0.0783176	-0.274991
-0.042058	-0.146161
0.0276456	-0.0738902
0.350268	0.0639971
0.134083	0.369746
-0.265074	0.350693
0.621632	-0.170553
6.17243	0.474863
-0.0141616	6.14873
-0.126566	-0.00527275
-0.103057	-0.0953773
-0.0499448	-0.101344
0.316804	-0.0261164
0.901885	0.315953
-0.116406	0.896814
-0.0760942	-0.151293
6.46531	0.0844454
0.0569109	6.54118
-0.276116	0.0430751
-0.23893	-0.360714
-0.045651	-0.211913
0.179891	-0.0821785
0.221324	0.162738
-0.841046	0.0939392
1.53912	-0.800123
5.95092	2.01392
-0.195793	4.93102
0.222314	-0.0869704
0.0982887	0.176111
0.00198197	0.159737
0.108428	-0.0765388
0.451928	0.0936952
-0.154392	0.579818
1.72887	-0.275874
3.91037	1.55495
-0.106388	3.70179
-0.0216389	-0.135557
0.0954461	0.0477391
0.247829	0.0948389
0.268345	0.0643048
0.00872584	0.1888
-0.686608	-0.163484
0.799498	-0.613446
2.99797	0.715064
-0.115584	3.62432
-0.0278861	-0.104216
0.251804	-0.00535107
-0.420526	0.00941645
-0.305958	-0.446231
-0.195611	-0.333989
-0.857403	-0.1649
1.59352	-0.700846
6.86548	1.73996
-0.32368	6.5037
-0.255894	-0.404179
0.22685	-0.273366
0.181425	-0.0306135
-0.0857702	-0.143857
-0.356463	-0.170965
-0.415677	-0.191435
1.04982	-0.535268
3.45431	0.89634
-0.11508	4.60921
-0.0259962	-0.123934
-0.244096	-0.0887485
0.100777	-0.233212
-0.128011	0.128473
0.0475582	-0.300863
-0.572209	0.379439
-0.231141	-0.457614
4.08005	0.168987
-0.179897	3.63854
-0.105438	-0.155065
-0.0421671	0.0620333
0.23635	-0.00664947
-0.0261531	0.12445
-0.27981	-0.190989
-0.53146	-0.318952
1.23785	-0.0304215
5.09117	1.5523
0.0414724	5.35391
0.0455195	-0.0602292
0.0929988	0.00982957
-0.0936059	0.200774
-0.385492	0.0543934
0.419336	-0.100206
0.4046	0.171389
-0.391041	0.069941
5.22642	-0.606876
-0.106595	5.04072
0.0265164	-0.287049
-0.260432	-0.00429688
0.243095	-0.316704
0.154432	-0.0452237
-0.198285	0.102212
-0.188019	-0.0356251
-0.534548	-0.396363
4.78588	0.0711577
0.0328937	5.80983
-0.137948	-0.00527364
-0.198173	-0.137464
-0.0933083	-0.169794
0.387036	-0.0415122
0.782536	0.368046
-0.488358	0.55466
1.31061	-0.617956
5.70966	1.46101
-0.109792	5.15349
-0.0701869	-0.156578
-0.061697	0.00150382
0.257254	-0.0175045
0.403677	0.273124
0.133127	0.171049
0.127376	0.109394
1.55932	-0.00483305
3.59831	1.52121
-0.0633954	3.64769
-0.0550297	0.0405694
-0.0388623	-0.041546
0.129824	-0.0443618
0.279139	-0.162117
0.441351	0.167281
-0.722228	0.412233
1.75987	-0.578363
5.19665	1.55386
-0.420496	4.87516
0.0630959	-0.437695
0.146089	0.000562886
-0.188909	0.109552
-0.143413	-0.156858
-0.243359	-0.272497
-0.184746	-0.00423111
1.59534	-0.218959
5.03107	1.7364
-0.213423	4.75705
-0.0800217	-0.343719
0.229749	-0.13083
-0.113596	0.0747263
-0.0734126	-0.197917
0.0490341	-0.125776
-0.201009	0.134627
1.52281	-0.203974
3.85313	1.22039
-0.125353	4.24834
-0.00606869	-0.0817057
-0.157265	0.0163908
-0.168491	-0.143908
-0.0612517	0.0779359
-0.251863	0.00718796
0.0784257	-0.387764
-1.09513	0.00540413
4.5557	-0.749711
-0.127404	4.67854
-0.028249	-0.134888
-0.0506604	-0.00895815
-0.0567421	-0.057609
-0.0279426	0.190088
-0.24315	-0.143798
0.173001	-0.362975
-0.523636	0.0421329
3.96221	-0.0359614
-0.197889	3.71138
0.00545174	-0.202766
-0.144012	0.0148914
0.145107	-0.144914
0.0319089	0.169673
-0.149626	0.00586407
-0.60052	-0.196305
0.623909	-0.624011
3.19366	0.557032
0.0934971	3.0844
0.0421403	-0.00377716
0.713859	-0.766751
2.89671	0.477127
-0.0164222	2.98355
0.132332	0.25536
-0.0078343	0.00674971
-0.0322106	0.0461497
-0.169779	0.128656
-0.53889	-0.0661698
-0.870536	-0.528717
0.444921	-0.846362
3.11066	0.701256
0.163333	2.99628
-0.09529	0.137974
-0.03182	0.010823
0.175333	-0.0500284
-0.240324	-0.0156184
-0.375483	-0.0950136
-0.912586	-0.374417
0.335895	-0.898312
3.0793	0.532865
0.156236	3.203
-0.111901	0.130228
0.0712516	0.0535833
0.0230573	-0.0291158
-0.169512	-0.0624848
-0.0143663	-0.00541426
-0.00889395	0.296437
0.692424	-0.115888
3.53339	1.02303
-0.192604	3.19556
-0.0419228	-0.131341
-0.0947232	-0.00691819
0.0426737	-0.107707
0.232555	0.0333051
0.947729	0.213433
0.508161	0.913362
0.106005	0.27726
6.22465	0.0757357
-0.0445531	6.14516
0.0376679	-0.0379726
-0.0963001	0.13361
-0.0429679	0.00116669
0.109217	0.172769
0.545729	0.350528
-0.163542	0.202516
1.03743	-0.467262
3.29039	0.907427
0.0984471	3.38317
0.000130186	-0.0394682
-0.0024346	-0.0248608
-0.0278465	-0.0177784
-0.199308	-0.0535236
0.687232	0.0976273
-0.254766	0.934593
0.535792	-0.306786
6.8027	0.737217
-0.111276	6.89992
-0.285074	-0.176531
-0.299505	-0.280746
-0.242543	-0.275596
0.307016	-0.279034
0.663328	0.279024
-0.706132	0.766654
0.955793	-0.520469
6.30748	0.852728
-0.160775	6.08874
-0.106576	-0.262022
0.11225	-0.03
-0.247253	0.150798
0.238693	-0.225551
0.674224	0.168351
-0.0798194	0.745015
1.82162	-0.118792
4.96982	1.48469
-0.169144	5.34318
0.0582347	-0.193973
-0.0152094	-0.0768062
-0.23665	-0.251196
0.406601	-0.089684
0.327466	0.295391
-0.432541	0.0770056
1.22706	-0.59676
6.67207	1.22281
-0.445737	6.84817
-0.342098	-0.400122
-0.062832	-0.360564
-0.0273581	0.0338722
-0.0986356	-0.111196
0.53896	0.0408708
-0.227382	0.455493
0.991118	0.0242193
4.93938	0.466791
-0.047679	4.85662
-0.114354	-0.0238622
0.0281316	-0.249488
-0.0446178	0.0381401
-0.034707	-0.127291
0.0653799	0.0782594
-0.583927	0.00395536
0.995696	-0.697095
5.38522	2.12722
-0.302103	6.15531
-0.249793	-0.362499
0.107358	-0.243512
-0.126163	0.0454261
-0.178157	-0.137249
0.00435745	-0.185608
-0.547702	0.0615052
2.01298	-0.273672
4.57996	1.66551
-0.0915837	4.4206
0.291428	-0.160422
0.33602	0.265571
-0.101646	0.310236
0.257287	-0.141552
0.56853	0.334002
-0.724562	0.533829
1.90177	-0.782042
5.11968	2.05674
-0.194315	5.24397
0.328844	-0.205818
0.262249	0.303634
0.000299594	0.0848041
0.392334	0.118677
0.364869	0.427094
-0.701208	0.598628
1.13879	-0.56682
5.70134	1.36075
0.104799	4.92398
-0.108559	0.14579
0.0557886	-0.0985735
0.0457824	-0.00785993
0.255392	0.0906055
0.302847	0.270976
0.220227	0.375301
1.14779	0.290101
4.9322	0.163495
-0.0724578	4.37184
-0.0387998	-0.0867309
0.116757	-0.108047
0.0992089	-0.0247825
0.344106	0.165107
-0.293798	0.357658
-0.016104	-0.0779275
1.20319	0.139503
5.56648	1.65975
-0.312592	6.1781
-0.0662795	-0.298948
0.12347	0.0166623
-0.327409	0.113351
-0.276475	-0.35533
0.295865	-0.356659
-0.595314	0.443584
1.39715	-0.615989
6.66532	1.4385
-0.198447	6.5439
0.0505555	-0.209924
0.155192	0.0429091
-0.450249	0.124524
-0.285908	-0.472441
0.12302	-0.213759
-0.993105	0.0286851
2.2097	-0.955928
5.89697	1.5787
-0.0184437	5.81811
0.0338461	-0.000706567
-0.261346	-0.119354
0.259139	-0.0806586
-0.157626	0.240172
-0.508845	0.00698349
0.0432339	-0.351872
-0.53011	-0.351112
4.93774	-0.737094
-0.160982	4.84394
0.0226577	-0.119404
0.161401	0.0369727
0.134024	0.166501
-0.0731866	0.102072
-0.169292	-0.181658
-0.0872732	-0.419486
2.21024	-0.343961
6.02858	2.12338
-0.0224797	5.57681
0.161541	-0.0125309
0.204046	0.254785
-0.213604	0.194136
0.182283	-0.245726
0.381837	0.18919
-0.668139	0.395036
2.00553	-0.446166
4.4088	1.88679
-0.0394849	4.12167
0.303041	-0.0109556
0.177326	0.300652
0.137872	0.208006
0.313628	0.205668
-0.0206505	0.0129336
-0.744488	-0.0804734
0.0551071	-0.848083
5.21403	0.69433
-0.264727	5.07432
-0.0480754	-0.392269
0.0637907	-0.0287428
0.0210753	0.0690419
0.00729939	0.141274
0.265418	0.0249979
-0.517911	0.230451
1.15951	-0.52834
6.47754	1.32498
-0.152317	6.42014
-0.307919	-0.128087
-0.208603	-0.292481
-0.187873	-0.181127
0.218851	-0.16896
0.339116	0.271341
-0.743096	0.379694
1.55058	-0.661911
5.30553	1.64024
-0.152181	4.36836
0.156488	-0.153589
0.221452	0.281577
0.0523015	0.199292
0.345041	0.0749771
0.240456	0.337855
-0.266769	0.185142
1.92696	-0.391179
4.52349	1.5086
-0.000208573	4.89938
0.0224366	-0.0536958
-0.033571	0.0461258
-0.0225615	-0.0474801
0.0362345	-0.10027
0.586192	0.0716394
0.294663	0.796011
0.64266	0.280445
4.24832	0.889781
-0.0316	4.05573
-0.233904	-0.113182
-0.23114	-0.0416567
0.0815341	-0.296676
0.218177	-0.143795
-0.029435	0.466037
0.298842	-0.156099
-0.363921	0.285794
4.55787	-0.171529
-0.253317	4.71455
-0.126943	-0.18953
-0.114173	-0.000274954
0.032889	-0.141161
0.40794	-0.02987
-0.143316	0.476667
0.103327	-0.213774
0.015303	0.158993
4.19201	0.152659
-0.275041	3.74012
0.113297	-0.155492
-0.107952	0.0201181
0.266166	-0.236776
0.0269741	0.221391
-0.120339	0.00678945
-0.453547	-0.130322
0.870346	-0.410942
3.21253	0.784951
0.126495	3.12854
0.0153899	0.0243003
-0.00411925	0.0149094
0.0664403	-0.15969
0.23503	0.110803
-0.246519	-0.0920298
-0.809773	-0.271537
0.726474	-0.614684
2.81372	0.709814
0.0992232	2.8949
0.0270409	0.0344196
-0.0510302	0.00972559
0.0549084	-0.0674739
-0.108097	0.230285
-0.475185	0.0071747
-0.900451	-0.421831
0.782027	-0.707084
3.22397	0.356333
0.0245839	3.56175
-0.0439879	0.112607
-0.0848541	0.0781799
-0.0927648	-0.110228
0.185518	-0.04286
-0.121783	-0.108174
-0.48963	-0.107728
-0.584263	-0.336888
4.48082	-0.402074
0.0410006	5.36998
-0.0555555	-0.00458696
-0.0903166	-0.116021
-0.0849421	-0.0766218
0.529226	-0.0721084
0.884168	0.543306
-0.402021	0.962331
0.525199	-0.0645006
5.11411	0.253122
-0.0785339	4.98828
-0.120913	-0.00547508
0.0233507	-0.100537
-0.0354441	-0.0537044
0.0113413	-0.13296
-0.220285	0.131929
-0.399836	-0.0680334
-0.348775	-0.277231
5.02377	-0.230102
-0.0532908	4.99151
-0.0947649	-0.0777768
0.0386243	-0.284574
-0.00447729	0.105515
0.130981	-0.0837044
-0.0261411	0.0116976
-0.899837	-0.146163
1.57781	-1.00869
7.34954	1.2711
-0.193741	7.3821
-0.131059	-0.195616
0.0610308	-0.111699
-0.059997	0.0818646
-0.260448	-0.0553127
-0.246933	-0.251925
-1.13186	-0.206458
1.30312	-1.12151
7.3643	1.22457
-0.202566	7.3558
-0.240912	-0.203459
-0.121116	-0.270697
0.0515244	-0.214
0.278043	0.144838
0.150069	0.408169
-0.625548	0.403871
1.59161	-0.431551
5.02711	1.70417
0.0220681	4.8202
0.00777468	0.00520572
-0.0900379	0.00621429
-0.126464	-0.0770739
0.220592	0.0906252
0.332957	0.266511
-0.0958348	0.325433
1.45536	-0.275345
4.90976	0.146587
0.0426693	4.61355
0.0571623	-0.0767608
-0.0399915	-0.0709797
0.0652074	-0.0792043
-0.0914468	-0.0434445
-0.123886	-0.304828
-0.35312	0.0648498
-0.767507	-0.287234
4.23216	-0.467645
-0.355898	3.90351
-0.119224	-0.0693217
0.153829	-0.121801
0.141273	-0.114802
0.0386899	0.198613
-0.318744	0.00803807
-0.673436	-0.276029
0.511192	-0.620169
2.92684	0.712075
0.106227	2.92694
0.0444247	0.00798913
-0.119775	-0.0184888
0.17168	-0.128029
0.232995	0.0996038
0.0770892	0.152954
0.0691699	0.0935541
2.00284	-0.0780621
5.1375	2.06891
-0.0974923	5.22977
0.0413778	-0.124389
-0.111667	0.0894895
-0.386344	0.0389154
0.125418	-0.299234
0.746231	0.0813146
-0.526158	0.712213
1.96411	-0.494008
4.80035	2.00811
0.0571458	4.83824
0.255412	0.00302793
0.218968	0.292422
-0.0961893	0.233934
0.279873	-0.0631125
0.523161	0.314975
-0.622951	0.503852
2.05252	-0.749948
4.72405	2.08397
-0.0767651	4.98006
0.298578	-0.108267
0.0232749	0.0652193
0.178702	-0.101035
0.207508	0.0233374
0.232405	0.24716
-0.665943	0.281636
0.824539	-0.703412
6.7538	0.811551
-0.0744824	6.7286
-0.303486	-0.0692448
-0.213511	-0.30286
-0.131459	-0.205928
0.18229	-0.099703
0.427796	0.0996699
-0.747732	0.417919
1.87722	-0.67327
5.18876	1.69404
-0.0643841	4.93765
-0.368352	-0.118368
-0.00835723	-0.479693
0.150463	-0.0834686
0.46735	0.134976
-0.0870623	0.0703001
-0.235543	-0.0839334
-0.415184	-0.298111
4.44074	-0.177795
-0.0145464	4.36778
-0.00538437	-0.0722516
-0.134776	0.0551017
-0.0329096	-0.143137
-0.000954452	-0.0473487
-0.157449	-0.0880053
-0.250732	-0.0414126
0.693228	0.065222
2.94042	0.987524
-0.0774405	2.95064
-0.0316149	-0.0490805
-0.225147	-0.0919583
-0.0403851	-0.0957731
-0.0406248	0.0454424
-0.233361	-0.0739161
-0.623882	-0.322775
0.756722	-0.754059
2.92284	0.445154
0.157955	3.5
0.0859925	-0.097658
0.0453218	-0.0101248
-0.0339455	0.272613
0.341434	0.0949846
0.417348	0.348152
-0.477859	0.332496
1.70888	-0.255597
5.06505	1.82478
-0.1679	4.55132
0.117085	0.078881
-0.0429054	0.0145446
-0.035977	-0.202563
-0.0487255	-0.0254781
0.197249	-0.0306338
0.405503	0.201854
1.55762	0.560761
4.92536	1.45019
0.0344133	5.35432
0.261591	-0.0108859
0.121329	0.138361
0.111085	0.0675568
0.40862	0.0292624
0.704051	0.483985
-0.287778	0.758685
0.311617	-0.27091
4.73298	0.538075
-0.0710524	3.7589
0.129744	-0.0660937
-0.0033562	-0.0480091
0.143458	0.0483426
0.421793	0.217954
0.208897	0.38776
-0.209622	0.323499
1.52356	-0.0827417
3.37128	1.3891
-0.0483284	3.40801
0.10148	0.0398055
-0.0256723	0.0566446
-0.0798866	-0.124815
0.132731	-0.188935
0.707059	0.449113
-0.204716	0.833534
0.19337	-0.207894
6.26636	0.0418489
0.0474835	6.29797
-0.0523334	0.0364117
-0.0870207	-0.0252664
-0.0408758	-0.117623
0.260595	-0.0286872
1.00016	0.237226
0.000837761	1.02784
-0.0160228	-0.0115465
6.06817	0.0860198
0.00619963	6.12132
-0.0639052	0.0114235
-0.2303	-0.137482
-0.104538	-0.23859
0.203245	-0.131282
0.576104	0.137546
-0.512103	0.432093
1.27119	-0.513043
5.88897	1.36145
-0.154214	5.5219
-0.450629	-0.172279
0.0164037	-0.431686
-0.0305348	0.0949586
-0.121049	0.0250518
-0.0496692	-0.0351216
-0.502346	0.0500335
1.51481	-0.343347
3.8169	1.40941
0.011824	4.02472
-0.104705	0.134368
-0.24825	-0.146864
-0.143666	-0.140488
0.0679923	-0.0302316
-0.372301	0.0912907
-0.548235	-0.291009
-0.390703	-0.358605
4.01744	-0.341816
-0.119283	3.91008
-0.0394254	-0.137868
-0.144039	0.0123679
-0.00975015	-0.238371
0.134962	-0.0300475
-0.367138	0.133704
-0.125145	-0.495082
-0.29955	-0.132821
3.40364	-0.275074
-0.0770588	3.23988
-0.0193325	0.070532
-0.153586	0.0331423
-0.0313711	-0.0171129
-0.18128	0.0481161
-0.406126	-0.102279
-0.62927	-0.315785
0.606551	-0.617719
3.01479	0.465014
0.0197876	2.88884
0.568806	-0.778195
3.42032	0.367053
-0.0391039	3.48145
-0.0809844	-0.0458486
-0.114944	0.0202431
0.119699	-0.264493
0.0337765	0.0286048
-0.0186808	0.228461
-0.86438	0.117533
-0.199796	-0.916342
4.9011	0.241914
-0.163394	6.97955
-0.117511	-0.1814
-0.280311	-0.220045
-0.022358	-0.215668
0.465843	-0.0646713
0.579596	0.39979
-0.473861	0.662575
0.617765	-0.486494
6.79776	0.651316
-0.00104947	6.83296
-0.268887	-0.0121521
-0.255136	-0.261733
-0.250231	-0.244394
0.268635	-0.313683
0.47664	0.352282
-0.757396	0.402907
1.32664	-0.783447
6.33172	1.63279
0.0591333	5.92415
-0.0183655	0.0301154
-0.113147	0.152238
-0.442117	-0.0321855
0.0886958	-0.491801
0.641049	0.0948384
-0.287129	0.547819
2.17667	-0.30535
5.41231	1.66056
-0.105494	6.34064
-0.263304	-0.115176
-0.312509	-0.254431
-0.0391759	-0.228449
0.156063	-0.015518
-0.0614582	0.0811221
-0.664412	-0.0609848
1.78157	-0.841613
6.85702	1.53303
-0.229027	6.99487
-0.12158	-0.233514
-0.0510807	-0.143966
-0.0588856	-0.0463829
-0.010681	-0.0556083
-0.236806	0.0884019
-0.82939	0.274267
1.92412	-0.635524
4.93642	1.97489
-0.194869	4.65478
0.0287156	-0.122965
0.0183291	0.0064827
-0.0269623	0.164665
0.115994	0.128586
0.20688	0.112543
-0.204293	-0.0517191
-0.0263094	-0.0115808
4.58546	-0.335123
-0.0509724	4.68927
-0.26084	-0.0677591
-0.131762	-0.0683436
0.0569682	-0.0666738
-0.305106	-0.0465713
-0.0560641	-0.0797501
-0.677479	0.103705
1.35062	-0.539605
6.4603	1.76712
-0.342103	6.5139
-0.148585	-0.288318
0.173665	-0.124956
-0.226683	0.156797
-0.355197	-0.247774
-0.22644	-0.34098
-0.545957	-0.209031
1.43714	-0.480375
6.79249	1.51066
-0.13813	5.93241
0.0901901	-0.0822284
0.12585	0.0929851
0.12804	0.267503
-0.239346	0.108262
-0.400663	-0.307673
-0.551623	-0.273344
0.666997	-0.401965
4.61606	0.635064
-0.108347	6.07569
0.063825	-0.115121
0.0155556	0.034756
-0.293158	0.0513912
-0.264272	-0.252933
-0.163408	-0.302516
-0.545394	-0.0728502
1.93658	-0.545349
5.92903	1.86271
-0.24763	4.21261
0.0117398	-0.120714
0.23873	0.0607358
0.148596	0.220633
0.207015	0.0661866
-0.0151302	0.128946
0.0421208	-0.110035
-0.324765	0.446039
4.8365	-0.700787
-0.0774787	4.9134
0.176051	-0.220115
0.0101667	0.0823402
0.306751	0.177572
-0.0181477	0.0334119
0.177881	0.0202028
-0.212376	0.0699725
1.39729	-0.237676
6.13127	1.61163
-0.430211	5.79742
0.121203	-0.371029
0.202001	0.168036
-0.267752	0.329728
-0.221282	-0.256611
0.281111	-0.360689
-0.483019	0.0293672
1.66063	-0.296279
6.30776	1.9822
-0.190465	6.28474
-0.10742	-0.169939
0.104875	-0.111479
-0.190415	0.0358365
0.0454464	-0.14693
0.709895	0.0616602
-0.594068	0.768497
1.71055	-0.51565
4.36434	1.67087
-0.0524168	3.92298
0.173365	-0.054711
0.0974274	0.0745185
0.215208	0.0881561
-0.0831495	0.0819164
-0.0607889	-0.0671338
-0.494978	-0.0364091
1.0867	-0.21707
4.43558	1.67741
-0.168798	6.13208
0.0114531	-0.31066
0.251555	0.0433118
-0.340489	0.296028
-0.228663	-0.392115
0.105873	-0.231267
0.325412	-0.00879467
1.29153	-0.121062
3.31252	1.44223
0.0928537	3.28251
0.0632964	0.0689093
-0.160497	-0.145059
0.0197895	-0.100544
-0.0867415	-0.0255139
-0.0440887	-0.12772
0.0421265	-0.0405462
1.4587	-0.245335
6.45535	1.8539
-0.227157	6.35688
0.0508116	-0.156765
0.0343838	0.0802222
-0.368206	0.130661
-0.338442	-0.341148
0.186075	-0.298188
-0.485454	0.199056
2.00856	-0.455689
5.62435	2.0559
-0.314167	5.67469
0.0945812	-0.296224
0.270978	0.0993881
-0.053683	0.297093
0.102304	-0.0211073
0.202812	0.165557
-0.228012	0.176619
0.995151	-0.12907
4.24938	0.720633
0.047412	5.57092
-0.304416	0.0808339
-0.0676219	-0.132002
-0.130432	-0.0534123
0.249014	-0.0338261
1.03051	0.309814
-0.0764152	1.1075
0.200818	-0.107698
5.64536	0.406432
-0.0733947	5.74733
0.0376571	-0.10955
0.047575	0.0278584
-0.194836	0.0550002
0.280556	-0.225554
1.12416	0.218325
-0.300418	1.01194
0.389926	-0.309706
6.28846	0.649088
-0.0971756	5.51382
-0.287255	-0.153068
-0.208311	-0.297436
-0.189251	0.00170728
0.0507287	-0.179236
-0.110047	-0.140074
-0.497123	-0.198973
1.71555	-0.38472
4.24787	1.98357
-0.0950566	4.44391
0.171532	-0.0131669
0.313175	0.196217
-0.187956	0.0174423
-0.43818	-0.205919
-0.22263	-0.522588
-0.778005	-0.480563
1.03193	-0.707501
3.1713	0.858807
0.0944521	3.07873
0.0110034	0.114048
-0.0299969	0.0542804
0.0716055	-0.0568094
-0.0617605	0.226933
-0.36821	-0.235292
-0.802642	-0.288154
0.563409	-0.834875
2.90412	0.474646
0.0890809	2.95631
0.0267657	0.036891
-0.0101928	-0.020378
-0.0532704	-0.0208631
-0.12803	0.0649709
-0.336335	-0.0354496
-0.70614	-0.390024
0.606145	-0.800119
2.93099	0.429687
0.00309017	3.65742
0.0968572	-0.0499628
-0.169644	0.0925544
0.0312749	0.0313465
-0.061349	0.144865
-0.210786	0.0464318
-0.852552	-0.132699
0.803482	-0.611726
3.72304	0.753283
0.0336437	4.79121
-0.0650313	-0.0183055
0.198727	-0.0821674
-0.116028	0.228849
-0.0450103	-0.132646
0.318044	-0.243175
-0.50231	0.041358
1.96998	-0.785684
6.86093	1.77832
-0.356767	6.87398
-0.102077	-0.346965
0.0406712	-0.123977
-0.247327	0.0966943
-0.140962	-0.191226
0.251271	-0.199078
0.216186	0.27822
0.284118	0.0741859
5.26901	-0.0540005
-0.303505	4.97712
0.0265646	-0.0699356
-0.191943	0.0308554
-0.174788	-0.053252
0.102585	-0.0916088
-0.345348	0.0732212
-0.109717	-0.0738195
1.6789	-0.240762
6.47574	1.83651
-0.178638	6.65808
-0.0085379	-0.10522
-0.0582358	-0.0550989
-0.177792	-0.0341605
-0.144761	-0.109841
-0.150959	-0.18458
-0.304941	0.0674782
1.70342	-0.194274
5.69932	1.80098
-0.185114	5.69096
0.141006	-0.220145
0.221677	0.0965481
0.107478	0.0669356
0.166874	0.163176
0.0743239	0.135719
-0.734651	0.185023
0.323079	-0.621887
4.24928	1.02094
-0.0262354	4.73258
0.293224	-0.0803251
0.0743606	0.163974
-0.163369	0.00856616
0.0807161	-0.216309
-0.260848	0.123757
-0.29332	-0.192766
1.9212	-0.260246
5.55979	2.15955
-0.0447605	5.65945
0.168107	-0.0245999
-0.00335153	0.119163
0.0466919	-0.014378
-0.115902	0.00471467
-0.5594	-0.029552
-0.509383	-0.421276
2.04151	-0.565044
6.2455	2.27215
-0.24377	6.27017
-0.0317671	-0.187651
0.159443	-0.0110502
-0.105089	0.244375
-0.281866	0.000104895
0.0600063	-0.0114429
0.288574	0.0334409
0.13056	-0.0281048
4.8878	-0.312982
0.103641	5.01671
0.0300253	-0.135111
-0.180601	0.0184784
0.180553	-0.0248242
0.00424659	0.0922845
-0.140316	0.120049
-0.0805975	0.146563
1.8855	0.134198
5.40836	1.72503
-0.198848	5.50621
-0.0704172	-0.196281
0.135618	-0.0604482
0.115053	0.0665592
-0.263299	0.206291
0.234992	-0.392271
0.217645	0.142664
1.01958	0.392996
3.50515	1.12524
-0.0549148	3.18401
0.0119597	0.118264
-0.127801	-0.024409
0.0571265	-0.168657
0.176846	0.0420959
-0.147649	0.0737955
-0.593497	-0.204924
0.828988	-0.385288
5.12312	0.794397
-0.127563	4.98437
-0.248482	-0.270984
-0.0337554	-0.271688
-0.0430635	-0.0654018
0.410753	-0.0220112
0.237079	0.444081
-0.618265	0.322399
1.31709	-0.669597
5.95713	1.1663
-0.191569	5.16102
-0.34843	-0.123049
0.07269	-0.266753
0.382101	0.030076
0.425827	0.43223
0.292213	0.253093
-0.437152	0.0947883
0.189555	-0.59835
4.01718	-0.337831
-0.213744	4.20811
-0.0332542	-0.103668
-0.189829	-0.00470554
0.167237	0.086844
0.104291	0.0774505
0.0966149	0.0718449
-0.153349	0.167722
1.52432	-0.132347
6.15868	1.73111
-0.471509	6.21179
-0.147267	-0.439217
0.149512	-0.132295
-0.245641	0.13381
-0.0928795	-0.253334
-0.106803	-0.131444
0.00545149	0.118966
1.50704	-0.054406
3.49967	1.38035
-0.0969229	3.31041
-0.0165853	-0.141003
-0.0674531	-0.0610277
-0.038423	-0.113005
-0.0971805	-0.203655
-0.0322718	-0.0930852
-0.420148	0.315165
1.22063	-0.125317
5.34048	1.86635
-0.325626	4.7843
0.0459939	-0.308634
0.109439	0.140501
0.0867944	0.250183
0.238873	0.0112139
0.241431	0.206059
-0.688565	0.242998
1.50537	-0.841666
6.21391	1.51245
-0.0957064	6.27303
-0.265444	-0.0860661
-0.247541	-0.266923
-0.0186949	-0.21343
0.347389	-0.0170488
0.223961	0.211922
-0.843836	0.170486
1.84518	-0.731796
4.57603	1.85847
-0.0271099	4.60274
0.297845	0.0144183
0.0975291	0.269152
-0.0481482	0.064101
0.213987	0.000550191
0.362506	0.180951
-0.487511	0.674865
0.688368	-0.29415
5.14424	0.590334
-0.0797226	4.98429
-0.0211462	-0.0370835
0.0446456	-0.0632618
-0.195138	-0.0162031
0.0978703	-0.139693
1.0142	0.138706
0.00750029	0.840762
1.15454	0.0810512
3.90213	0.784293
0.0397521	4.17475
-0.125417	0.0485083
-0.199817	-0.0468581
-0.0300077	-0.227991
0.105363	-0.103145
-0.552276	0.212097
0.194039	-0.491502
-0.949302	0.271282
4.31659	-0.840469
-0.0909641	4.27862
0.0678523	-0.129289
-0.118395	-0.00902438
-0.0232966	-0.226403
-0.0158369	0.133941
0.022824	-0.085667
-0.20614	0.0749421
-0.532359	-0.260133
3.87924	-0.340878
-0.134437	3.59588
-0.160109	-0.125553
-0.140065	0.206799
0.112746	-0.252603
0.136561	0.132563
-0.515292	-0.0559228
-0.485236	-0.334524
0.511636	-0.750594
3.0809	0.50963
0.0406221	3.05776
-0.0561814	-0.0651542
-0.0774687	-0.00477114
1.43161	-0.427172
6.33717	2.09722
-0.264666	5.91741
0.0267473	-0.220056
0.237574	0.220734
-0.0960098	0.244165
0.234858	-0.0886279
0.434847	0.24231
-0.388377	0.439633
2.02463	-0.128331
3.8676	1.9191
0.0102697	3.61865
0.13751	0.0722251
0.0761871	-0.149785
0.233497	0.0636194
-0.202399	-0.333506
-0.0846431	-0.431745
0.146786	-0.175033
2.11636	-0.205086
6.40554	2.26666
-0.135632	6.45992
0.0610166	-0.198117
0.00952506	0.0349633
-0.281059	0.0372902
-0.184944	-0.274398
-0.00598168	-0.183272
-0.451716	-0.0290215
2.15198	-0.526755
4.93142	1.97116
-0.0872423	5.13843
0.247224	-0.0942118
0.341792	0.264218
-0.170728	0.323772
0.0114078	-0.219808
0.210175	-0.067735
-0.127798	-0.231981
2.01574	-0.157183
6.25917	1.83986
0.0517735	6.22361
0.107205	0.0647609
-0.242173	0.0865528
-0.42893	-0.288586
-0.120884	-0.394625
-0.0929138	-0.158985
0.42564	0.0627686
1.65486	0.452154
6.05031	1.59591
-0.0510025	6.12874
-0.0842411	-0.0473598
0.181275	-0.0560433
-0.260602	0.226952
-0.439791	-0.198853
0.127525	-0.451574
0.299543	0.0848959
1.6336	0.164435
6.27141	1.74204
-0.183633	6.40966
-0.0519006	-0.213366
0.0642198	-0.0429042
-0.12625	0.0513656
-0.424068	-0.135747
-0.35729	-0.378822
-0.295329	-0.347535
1.9559	-0.245487
5.65454	2.40241
-0.06634	5.28624
0.197154	0.0897989
0.324009	0.154896
0.0349464	0.342515
0.0777958	0.0158154
0.614562	0.0714532
-0.596056	0.601215
1.87401	-0.36309
4.52206	1.88148
-0.15098	4.25066
0.111595	-0.205623
0.265119	0.0747996
0.277956	0.0878775
-0.0159778	0.148109
-0.00893972	-0.0153503
-0.527306	0.150146
1.70215	-0.234561
5.41797	0.684389
-0.298988	4.97266
-0.12226	-0.00330457
-0.0137045	0.00302287
0.107957	0.0278584
-0.257194	-0.200771
0.0620963	-0.239785
-0.569573	-0.0360682
2.15734	-0.679538
6.26218	2.26282
-0.305375	6.093
-0.0947537	-0.241637
0.0363652	0.0686052
-0.178929	0.294104
0.131798	-0.0589831
0.461738	0.124256
-0.845871	0.470802
2.14489	-0.879902
6.02742	2.08259
0.0157503	6.25617
-0.0346311	-0.104411
-0.0654435	-0.128871
-0.0300073	-0.130533
0.40339	-0.0641132
-0.0745431	0.688735
-0.152867	0.203893
1.9833	-0.0921792
3.63477	1.5206
0.051305	3.49079
0.135368	-0.0532393
0.0483447	0.0895324
-0.0944434	-0.140168
0.190457	-0.0742334
0.208291	0.256153
-0.447984	0.464236
1.15876	-0.506058
6.2405	1.40811
-0.112849	6.17032
-0.234243	-0.228051
-0.0460418	-0.155331
0.160593	0.0961191
0.405988	0.348547
0.205162	0.26304
-0.195189	0.288391
1.51208	0.0315801
3.41535	1.54309
0.0505254	3.41745
0.0748807	0.0156459
0.0500182	-0.0530351
0.324341	0.0533431
0.331616	0.287398
0.107842	0.195849
-0.0230979	0.135312
0.0454446	0.0091847
4.83729	-0.453362
-0.0434094	4.64369
0.0605221	-0.125647
0.259703	-0.00746157
0.0804369	-0.118367
0.379285	0.0995528
0.12695	0.282367
-0.721301	0.0415168
1.90412	-0.173093
5.19152	2.04314
-0.176084	5.02567
-0.0581958	-0.0459598
-0.216029	-0.0366772
-0.171785	-0.128768
0.0515462	-0.435279
0.0950881	0.00456312
0.253573	-0.169691
1.99864	0.126665
4.13359	1.86214
0.0763645	3.65607
0.100442	0.0415212
-0.0204876	0.192102
0.217637	-0.0519082
0.0591898	0.0481821
-0.170462	-0.101339
-0.688837	-0.103993
0.616347	-0.6357
3.14668	0.649821
-0.0656787	2.99925
0.0936385	0.0393913
-0.077647	-0.00437477
0.162255	-0.00287049
-0.297893	-0.0505653
-0.426225	-0.321536
-0.345692	-0.417972
0.768939	-0.403677
3.82619	0.600433
-0.162151	3.65276
0.0145349	-0.0472436
-0.0861437	-0.029236
0.0709239	-0.10638
-0.0979445	0.164374
-0.297348	-0.102166
-0.775007	-0.28809
0.443495	-0.64012
3.10358	0.759829
0.0503204	2.96856
-0.0443373	0.0458834
-0.118657	0.00442232
0.291216	-0.95659
2.97332	0.443263
0.101013	2.8101
-0.0987195	0.0610597
-0.0162225	-0.0763502
0.206127	0.0654126
-0.0439028	0.00925376
-0.27751	-0.0392471
-0.57056	-0.0688377
0.98524	-0.369624
5.45841	1.4064
-0.18339	6.61823
-0.264769	-0.231364
-0.263257	-0.24642
-0.00817242	-0.226839
0.174264	-0.0709371
-0.290081	0.0364488
-0.5611	-0.347632
1.61316	-0.422589
6.85508	1.63013
-0.165182	6.65623
0.0782969	-0.124037
0.00955224	0.0831719
-0.443139	0.0344258
-0.197532	-0.473758
0.152066	-0.247859
0.41796	0.152433
1.38094	0.475526
5.37829	1.35811
-0.0678966	5.28814
0.133846	-0.0678035
0.378824	0.167144
-0.0999473	0.399181
0.00940846	-0.0944043
0.0528821	0.140196
-0.151665	0.0981723
0.705148	-0.346491
6.66586	0.459421
-0.164264	6.78749
-0.171111	-0.117901
-0.14399	-0.101876
-0.229669	-0.138769
0.558631	-0.24178
0.713756	0.49817
-0.453212	0.612414
0.50674	-0.583413
6.7051	0.837635
-0.144634	6.41677
-0.368099	-0.255258
0.0269535	-0.228626
0.0867919	0.197495
0.154674	0.0757131
0.124201	0.177707
-0.513698	0.164224
1.9106	-0.403032
4.70455	1.78854
-0.21634	4.82552
0.164998	-0.216257
0.193612	0.166321
-0.224587	0.221487
0.190628	-0.152925
-0.0797825	0.187957
-0.463456	-0.235986
1.88955	-0.478004
6.45513	1.86639
-0.25221	6.44137
-0.268154	-0.236868
-0.105888	-0.281733
0.077143	-0.12536
0.126712	0.0585372
-0.208714	0.114312
-0.354005	-0.156624
1.53756	-0.239265
6.16253	1.55119
-0.213992	5.87141
-0.389583	-0.245327
0.28179	-0.426194
0.114607	0.215967
0.471752	0.263931
-0.265427	0.214653
0.281292	-0.200074
-0.923585	0.0813347
5.02127	-0.93486
-0.0758903	4.9966
-0.0929902	-0.1271
-0.143925	-0.0961847
0.231238	-0.0652255
-0.353749	0.215382
-0.0117221	-0.283935
-0.120016	0.278847
1.84348	-0.278722
4.91141	1.93898
0.00268952	4.90078
0.218611	0.0066703
0.113961	0.207353
-0.384974	0.117374
0.144287	-0.398027
0.684864	0.179429
-0.25002	0.590465
1.79945	-0.0148564
3.42682	1.27018
-0.0162755	3.19747
0.0462046	-0.0159064
0.00582142	0.0166864
0.126505	-0.219647
0.167394	0.282638
-0.108847	-0.200311
0.15215	-0.291324
1.69658	0.0716572
6.06659	1.69869
-0.240014	5.63745
-0.0919228	-0.307982
0.32079	-0.0860948
0.0466102	-0.046418
0.162545	-0.012583
-0.212058	0.0455894
-0.166358	-0.334257
0.0548738	-0.260467
4.52113	0.0349829
0.0803031	4.58001
-0.0595575	-0.0356655
0.23761	-0.0197997
0.0614434	0.461472
-0.178556	-0.105301
0.0710417	-0.225729
-0.413116	-0.0446489
2.15367	-0.589438
5.2629	1.90207
-0.380404	4.43781
0.000984524	-0.396582
0.239592	0.0817655
0.378852	0.180633
0.209909	0.367917
-0.116836	-0.108767
-0.65762	-0.179964
0.856282	-0.758636
3.59458	0.832623
-0.0765247	4.29981
-0.308964	-0.0724674
0.0740767	-0.126017
0.0253615	-0.0079782
0.242732	-0.00528987
0.415672	0.269905
-0.723896	0.266286
1.50323	-0.712828
4.8934	1.94963
-0.187023	4.85648
0.247422	-0.181801
0.0584475	0.208219
-0.268695	0.0104138
0.175396	-0.298097
0.508644	0.181091
-0.47245	0.450792
1.99906	-0.26005
4.67365	1.53759
-0.202889	4.69431
-0.211988	-0.11442
-0.145271	0.0958676
0.181242	0.0105669
0.08012	-0.00948893
0.0176276	0.305529
-0.106991	-0.359494
-0.220953	-0.473687
3.53769	0.118897
-0.0218585	3.35339
0.150013	-0.0246389
0.0496651	0.119691
-0.0912677	0.0476851
0.261414	-0.152554
-0.0258436	0.210231
-0.067119	-0.227968
2.25338	-0.0916591
5.59523	2.12648
-0.126564	5.55492
-0.0217892	-0.128354
0.103448	-0.0619557
-0.133919	0.251355
-0.049308	-0.0817522
0.0691671	0.35622
0.0692575	-0.339577
-0.689707	-0.141134
5.01837	-1.08609
-0.100232	5.12115
-0.03092	-0.117125
-0.0942218	-0.10724
0.218115	-0.343261
-0.138135	0.353365
0.108293	-0.00853012
-0.746249	0.16371
-0.288764	-1.107
3.88841	0.648416
0.0358547	4.37607
-0.292077	-0.198408
0.0129338	-0.326647
0.216254	-0.0333181
0.0702911	0.222197
-0.0682132	0.097764
0.00293007	-0.2355
1.73118	-0.198199
4.82068	1.87443
-0.130452	4.97237
0.149749	-0.106722
0.0366659	0.078783
0.00329868	-0.0213068
0.17214	0.0132804
-0.231097	0.0695794
-0.640507	-0.229686
1.69814	-0.553556
6.15221	1.65616
-0.119096	6.09147
0.0658818	-0.118449
0.0484553	0.0849766
-0.192365	0.0741628
-0.238136	-0.200493
-0.443595	-0.297746
-0.365781	-0.215959
1.831	-0.352109
4.6778	1.95162
-0.300372	5.01706
-0.126669	-0.171403
0.128672	-0.2181
-0.284184	0.0110721
-0.207613	-0.154488
0.223696	-0.171848
-0.284799	0.204301
1.51769	-0.335783
4.08713	1.43962
-0.164354	3.84796
-0.0776706	-0.242584
0.243633	-0.11893
0.0773391	-0.954375
2.87227	0.31339
0.139072	2.91084
0.171091	0.141022
-0.055102	-0.0353072
0.0316565	-0.272537
0.0654948	-0.281534
0.653827	0.0157508
-0.0351868	0.591839
2.05624	-0.119812
5.53808	2.00358
-0.0912142	5.70373
0.136472	-0.139774
0.338521	0.214212
-0.0530711	0.343286
0.12319	-0.0479072
0.215825	0.193803
-0.407106	0.242686
1.82941	-0.510865
6.47628	1.97136
-0.148539	6.64765
-0.0250891	-0.197903
0.0446323	-0.0111565
-0.203567	0.0236056
-0.285415	-0.141674
0.186745	-0.166471
-0.642753	0.181124
1.8637	-0.335735
4.96827	1.61303
-0.263473	4.14702
0.184654	-0.148081
0.279466	0.158556
0.221005	0.127664
0.112313	0.0880401
-0.165405	0.257057
-0.520556	-0.181782
0.832756	-0.170847
6.35689	0.902755
-0.295986	6.53093
-0.103913	-0.323706
0.179448	-0.120388
-0.0883019	0.165567
-0.290965	-0.1143
0.13224	-0.213465
0.0362504	0.278817
0.408434	0.496785
5.15935	-0.0688372
-0.237135	5.21619
-0.121504	-0.328168
-0.094439	-0.0515001
0.168318	-0.00971335
0.228731	0.328373
0.219078	-0.103712
0.181899	0.197399
1.83224	0.2376
4.3914	1.75865
0.125374	3.92399
0.276869	0.137502
-0.0385579	0.200743
0.184028	0.00900557
0.27156	0.211746
-0.022873	0.024331
-0.0568885	-0.0295988
1.84912	-0.136872
6.42961	1.88402
-0.0995502	6.60121
0.04214	-0.145053
0.0672126	-0.0204372
-0.27184	0.184828
-0.1342	-0.229599
0.209284	-0.230117
-0.632894	0.22512
2.30625	-0.49958
3.92947	2.14161
0.152249	3.68001
0.0449626	0.0526851
0.142464	0.0990814
0.126978	-0.060406
0.109082	0.151566
-0.153341	0.0300763
-0.44515	-0.0484777
1.2096	-0.330934
3.54519	1.42386
-0.0183407	4.09339
0.00678957	0.0824005
-0.0941757	0.100909
-0.41204	0.0579875
-0.23301	-0.307433
0.207737	-0.102922
0.136855	0.10873
1.48815	0.145296
3.45344	1.581
0.0989458	3.46495
0.0887103	0.0481973
-0.107406	-0.0572429
0.0494048	-0.0933697
-0.0976637	0.0572674
-0.0558887	0.321971
-0.275724	0.115913
1.75031	-0.818895
6.35629	1.87269
-0.304969	6.62658
-0.290952	-0.285112
-0.186393	-0.286319
-0.113969	-0.188428
0.412201	-0.0520813
0.275961	0.504465
-0.810189	0.427961
1.88184	-0.697164
4.89818	1.77185
-0.129975	4.63882
0.190945	-0.111301
0.136619	0.0691466
0.162416	0.0671624
0.195109	0.269799
0.0437917	0.0338579
-0.497522	0.174378
-0.111682	-0.37895
4.89441	-0.390626
-0.0762778	4.98719
-0.234026	-0.0118273
0.0295625	-0.21471
-0.00408442	0.00990538
0.138437	-0.169711
0.167395	0.143715
-0.216242	-0.027518
1.7492	-0.240047
6.31522	1.89814
-0.206912	6.22547
0.0455881	-0.15063
-0.0686628	0.0797751
-0.242262	-0.119331
-0.251972	-0.271444
-0.123253	-0.248965
-0.534984	-0.126404
1.18347	-0.526751
6.88956	1.01734
-0.197575	6.78024
-0.20085	-0.14021
-0.134225	-0.163731
-0.29208	-0.0335574
0.235718	-0.190844
0.768218	0.341066
-0.617314	0.794678
1.9167	-0.457626
4.61045	1.93869
-0.0976085	4.24217
0.090201	-0.144581
0.101788	0.0223034
0.0147237	0.180178
0.232217	0.0380344
0.151483	0.146226
-0.616507	-0.129441
0.335505	-0.815173
5.57064	1.36119
-0.291204	6.75208
-0.236072	-0.404206
-0.0408506	-0.259844
-0.124484	-0.0505521
0.0529414	-0.13109
-0.0325365	-0.0281168
-0.799288	0.0905318
1.41256	-0.505573
5.94123	1.62797
-0.329961	6.23141
-0.00131391	-0.358561
0.103957	-0.00892636
-0.187573	-0.00718888
-0.0991528	-0.125733
0.0794602	-0.104874
-0.220787	0.165908
1.87384	-0.233143
5.38962	1.67963
0.0626055	5.83101
0.124076	0.0110385
-0.0845949	0.138035
-0.367397	-0.0848705
-0.128915	-0.33901
-0.32702	-0.0897362
-0.63288	-0.205568
1.79861	-0.700706
5.72881	2.11356
-0.265306	5.11687
0.175284	-0.193795
0.180205	0.192011
-0.210904	0.169081
0.307168	-0.173632
0.615255	0.312093
-0.170893	0.508213
0.925859	0.048071
5.63639	0.624345
-0.172531	5.82771
-0.0668238	-0.187227
0.0462785	-0.0896424
-0.260757	0.0570913
0.0240281	-0.299233
0.936233	0.111642
-0.4811	0.797509
1.00256	-0.655019
6.69998	1.34261
-0.168022	6.77549
-0.258547	-0.250814
-0.0396248	-0.209323
-0.0690315	-0.0325509
-0.0791496	-0.175057
0.0815575	-0.128261
-0.750486	0.186889
1.21016	-0.394713
6.42452	1.73276
-0.304443	6.72458
-0.012224	-0.161846
0.0328634	0.00435298
-0.312425	0.0304033
-0.290872	-0.39452
-0.322829	-0.272986
0.0889984	-0.302355
1.59021	0.16864
5.50003	1.7095
0.0275412	5.28203
0.153383	-0.00731962
-0.0612929	0.132423
-0.309681	-0.0213602
0.119444	-0.245306
0.610235	0.0861538
-0.720019	0.650076
1.69866	-0.673043
4.73915	1.68893
-0.116665	4.59814
0.208451	-0.0803881
0.131893	0.16053
-0.0901618	0.0635748
0.0281434	0.0222275
0.835178	-0.134308
0.0226958	0.902539
0.111785	-0.246051
6.33059	0.169816
-0.0561602	6.48276
-0.222435	-0.101493
-0.242213	-0.262925
0.176033	-0.162929
0.30769	0.0982954
0.0353231	0.189405
0.161007	-0.0482731
0.821057	0.0759013
4.65549	0.255257
-0.262082	5.23077
0.0948208	-0.138807
-0.244958	0.119465
0.33033	-0.231795
-0.255904	0.417423
-0.365331	-0.237832
-0.336584	-0.159676
-0.22224	-0.475273
4.8953	0.245931
-0.0152798	4.74074
0.0457678	-0.109431
0.177022	0.0809017
0.353611	0.0482199
-0.0152279	0.261411
0.489931	-0.244198
0.267612	0.489141
1.4681	0.221634
4.40418	1.53499
-0.00477379	4.46229
0.0146901	-0.0568379
0.0357154	0.0777742
0.177278	0.0863955
0.342085	0.331464
0.676317	0.481658
-0.75759	0.894572
0.21848	-0.578897
6.21677	0.167784
-0.0582069	6.38074
-0.0517402	-0.095094
-0.180588	-0.106073
-0.207893	-0.218049
0.50643	-0.231924
0.469289	0.504352
-0.664331	0.451236
1.2667	-0.495653
6.18325	1.10498
-0.193802	5.89125
-0.310901	-0.146605
0.0699059	-0.335656
0.0207303	-0.0412071
0.253074	0.0280952
0.116735	0.19293
-0.472912	-0.00623574
-0.177435	-0.807287
4.81737	0.557874
0.221482	4.22129
-0.0390825	0.166567
0.142114	0.0534429
-0.0946088	0.0344731
0.431122	-0.200866
0.822462	0.277839
-0.224964	0.895984
0.567186	-0.386918
4.65139	0.665381
-0.0667681	5.13185
-0.14799	0.0308928
-0.238577	-0.10927
0.19471	-0.0170872
0.135616	0.194533
-0.201629	-0.0488695
-0.710557	-0.0959046
1.04375	-0.814134
4.11018	1.05045
-0.148668	4.26447
0.0161726	-0.0579033
0.173537	0.0299395
-0.0841071	0.155061
0.327547	0.071378
0.00402	0.124519
-0.251938	-0.140986
1.69772	-0.283627
4.07453	1.90895
-0.130838	3.93596
-0.0440386	0.0360492
-0.146314	-0.00364437
0.0763219	0.0117031
-0.217106	0.177982
-0.307483	-0.160531
-0.5271	-0.266105
1.01568	-0.669063
3.01783	0.818299
0.0950022	3.0676
-0.0218515	0.0262275
-0.117659	-0.0929894
-0.00659474	0.00355741
-0.146441	0.0194232