-10.1062	0.79591
-19.6304	-1.40431
-17.8366	1.4248
-19.3741	-1.91461
-14.9675	1.90743
-17.0924	-5.43659
-19.3173	-2.07118
-13.6271	-5.94612
-12.8294	1.52694
-16.1652	2.40891
-16.7435	-1.00316
-13.9315	3.34041
-15.7099	2.03817
-16.6805	0.965432
-10.9975	3.81027
-10.3852	-5.85162
-12.3194	-12.505
-11.2427	-15.449
-14.2302	-9.94333
-12.6855	-11.7689
-11.5288	-10.0999
-11.0034	-8.18807
-9.34205	-8.6841
-10.7859	-2.76727
-9.95976	0.502141
-9.70195	0.235431
-10.0144	0.539742
-10.074	2.41096
-9.47536	3.08124
-10.7306	3.75957
-12.0186	6.40639
-11.1646	6.33368
-11.629	7.33733
-10.0761	7.05432
-10.1936	8.61327
-11.06	8.20303
-11.6655	4.37202
-17.3145	0.510568
-16.1271	1.43745
-14.4553	0.955271
-14.2059	0.755698
-15.8425	1.31813
-14.6178	1.00223
-11.8408	-1.74709
-12.0241	-1.51765
-10.9854	-3.03937
-8.81524	-2.30016
-3.72545	1.91254
-3.00209	0.578777
-4.14487	1.15017
-2.65078	-0.733593
2.23078	-3.36293
2.56531	-4.5439
3.20882	-4.86501
2.01888	-4.20076
1.19671	-4.04735
1.04179	-2.40334
-1.7822	4.75181
-1.61173	3.65073
-1.30267	0.952103
-3.05726	-1.42653
-4.03093	-0.0709869
-4.47937	-0.199897
-4.85744	-0.199124
-6.37073	0.903032
-7.69948	3.24531
-7.75442	2.60618
-9.29027	3.42583
-15.1087	1.1642
-16.5622	-0.00358631
-15.8368	-1.11911
-14.786	-1.92762
-14.3632	-1.22312
-11.7722	-1.75935
-8.52529	-1.6152
-3.71498	-3.8849
1.30649	-3.99004
4.6702	-6.13411
6.37491	-6.50454
3.93696	-3.51701
4.28567	-2.29002
2.1024	-3.7683
-0.537627	-4.28152
-3.03338	-4.12918
-3.87517	-5.87428
-5.42786	-5.82858
-8.09039	-3.30425
-9.47952	-1.8291
-9.7156	-0.890716
-10.1166	0.627742
-5.73244	-4.19691
-7.08325	-4.3308
-6.9728	-3.42527
-5.33351	-7.21087
-1.47143	-7.78418
-1.34665	-3.43548
-1.19809	2.268
1.4596	1.85684
-6.02843	-4.34079
-6.1384	-11.3089
-2.27586	-4.20579
-3.94556	4.77994
-11.5209	-2.96103
-12.3375	-0.84318
-7.41985	4.23501
-9.52496	2.69271
-11.5124	2.5194
-11.0378	2.08983
-2.97315	-2.29172
-9.29098	-3.39793
-13.8575	0.844212
-13.9419	2.69826
-11.6293	1.37515
-9.54569	-1.19373
-6.2635	-0.651125
-0.603188	1.40483
-2.06702	6.68571
-8.73669	1.56451
-7.80229	-1.6484
-7.55321	-10.8886
-6.78241	-10.6685
-2.70949	-11.0107
-5.29234	-8.26248
-0.956196	-16.4714
-4.87377	-11.0295
-7.17152	-11.4985
-2.23737	-1.29364
-5.9986	-4.44317
-2.62874	3.27523
-10.9554	2.89812
-13.5871	4.37046
-14.8747	2.5265
-16.2195	5.00529
-12.769	2.08236
-9.71128	7.5406
-9.53831	6.36827
-3.79853	2.50881
-10.4504	-0.343786
-8.83097	4.19442
-11.2216	1.0621
-4.35349	5.11009
-4.19214	5.56615
-4.73757	0.291123
-8.32389	-3.73471
-12.4278	-1.60385
-12.0309	-5.31864
-12.9998	-4.72298
-13.3246	-3.97626
-14.3669	-2.18783
-14.0916	-2.92423
-12.8759	-6.57403
-14.6271	-7.93321
-18.677	-8.59249
-21.3032	-9.19753
-24.0541	-7.02422
-24.7414	-9.80988
-25.8275	-11.1661
-25.5335	-12.138
-25.2557	-13.0434
-23.7881	-15.2272
-12.6238	-8.2297
-9.74971	0.775086
-9.12517	0.487513
-8.91331	-3.13783
-11.1579	2.62481
-11.8809	5.01002
-8.22903	3.78062
-9.78226	4.47843
-5.6564	2.43428
-7.25405	4.81666
-9.09977	3.43952
-10.5192	3.38743
-4.0222	11.0259
-6.35197	7.46634
-2.91658	3.38982
-6.60896	-5.97982
-12.7821	-7.50487
-16.2445	-5.6056
-19.2881	-5.3124
-16.0712	-2.65788
-17.8342	-8.4417
-30.1579	-4.87282
-27.949	-10.5872
-23.0485	-6.18281
-17.3367	1.5661
-18.4927	-3.02653
-18.4084	-2.56974
-18.8854	-3.384
-16.9943	1.97782
-14.7531	1.82888
-13.8226	4.40623
-12.3151	3.91421
-14.6058	2.94311
-12.4839	4.19463
-16.7628	1.94701
-17.5248	3.0555
-17.6006	-2.79155
-17.3483	0.350549
-16.9882	5.26234
-14.7183	2.28256
-16.7239	-0.850875
-16.6161	-1.80353
-14.465	3.66184
-16.6703	-1.57623
-16.987	2.23343
-10.9962	-0.789036
-7.4271	-2.63358
-11.1869	0.32495
-19.3182	2.43876
-18.6974	3.30129
-15.6512	1.75684
-11.7289	2.43545
-9.90712	5.19395
-13.6341	1.10828
-15.1953	4.0021
-12.5227	4.23843
-16.8779	3.66391
-15.8816	-7.32033
-3.06495	-3.72164
-12.645	0.441458
-12.7826	-5.64618
-9.52016	-3.35067
-8.40991	-5.79634
-13.6232	-5.25523
-17.0715	-4.84527
-16.2746	-5.97227
-17.3346	-6.41522
-16.9403	-6.37415
-17.5911	-4.25829
-15.5067	-4.52961
-14.135	-3.2212
-13.0042	-2.05935
-10.5078	-1.6126
-7.20569	-1.03409
-4.74209	0.102993
-2.96789	2.80304
-2.22988	4.33819
-1.32278	3.56835
-1.16177	3.46849
-0.0438875	2.69634
2.24628	-0.149811
0.875769	-1.40516
-1.05874	-2.37882
-3.94604	-2.70699
-7.43016	-3.3865
-11.1222	-4.35215
-13.5463	-6.60326
-14.1755	-10.3622
-13.4787	-14.4459
-12.9614	-15.4364
-11.5787	-16.7364
-13.1868	-13.3497
-18.2388	-6.26919
-21.0225	-4.33571
-14.1803	-2.36296
-16.7669	0.913734
-18.9913	-4.18477
-21.374	-1.96688
-16.4446	-3.74864
-19.9683	-1.9368
-21.3879	-0.0895383
-20.1468	-0.762352
-18.6176	-1.70297
-18.7255	-3.45286
-17.7868	-4.63031
-18.3964	-4.2991
-18.0638	-5.70693
-18.6025	-5.55575
-20.2199	-5.807
-21.2891	-5.84714
-22.5197	-6.03851
-23.7748	-5.24436
-24.02	-4.71545
-21.8008	-5.25804
-18.5024	-5.23641
-17.3899	-4.86538
-15.9611	-4.34221
-15.8514	2.34946
-11.2596	8.54033
-11.1024	6.81327
-10.652	8.50017
-11.5121	8.49388
-12.1649	8.50277
-11.7975	9.58675
-17.722	-0.434579
-16.5243	-0.921235
-15.69	0.48761
-15.3741	1.55632
-15.4648	5.1763
-11.1598	6.83083
-10.8521	6.61229
-10.6448	5.17637
-9.49537	5.32975
-8.03268	0.0911604
-8.14518	0.253229
-9.0015	4.6071
-8.29714	6.32538
-6.19839	0.275713
-8.8973	0.876708
-10.9668	4.90682
-10.7466	4.7373
-14.5611	-2.11839
-17.249	-1.26668
-3.50166	0.565485
-19.3203	2.08147
-19.7305	-0.928351
-21.9109	-1.84774
-26.2208	-0.564782
-17.0307	-5.30309
-10.647	3.55589
-8.92192	3.27909
-8.58407	0.539547
-6.20785	5.09041
-16.5656	0.48154
-10.8287	-0.638784
-9.25584	5.99194
-16.2484	-5.04386
-14.592	-7.55605
-14.1342	-8.61878
-13.4527	-8.32602
-13.355	-6.28466
-11.3226	-2.56804
-7.1347	5.33393
-1.97658	5.23412
-7.72444	3.58536
-16.1575	-5.56272
-15.7353	-4.82228
-13.8756	0.745909
-13.2626	4.23719
-16.6348	-1.42302
-16.1785	-7.10792
-16.7324	-1.30471
-8.50279	-10.3527
-2.97577	-2.8589
2.71356	-5.71928
2.26179	-4.96187
-0.808625	-8.15496
-2.95035	-10.0157
-3.68135	-12.5986
-1.22684	-13.057
-6.1111	-14.022
-5.06736	-9.21751
-6.39889	-8.03487
-2.08421	-5.90288
-5.86524	-1.11946
-3.06057	-8.46441
-6.68313	-0.953979
-9.78675	-4.66225
-7.51067	-2.48602
-3.26159	-6.40227
2.73296	-3.46786
2.2202	-5.05825
-5.87219	-4.47901
-9.46465	-4.71255
-13.1084	-5.9542
-13.5468	2.0353
-12.5209	-3.96847
-11.4088	-6.08504
-11.96	-5.79205
-9.25006	2.57364
-11.5107	0.148258
-11.0305	0.105713
-18.3508	-2.51442
-23.5055	-0.499273
-22.0643	3.24277
-19.4785	4.54371
-12.0784	7.21136
-10.7829	7.15919
-10.7982	4.75658
-9.72191	1.91769
-5.29671	-3.7037
-0.612119	-9.81554
0.902039	-10.4172
1.21024	-6.47269
-6.79679	1.26116
-6.89641	0.433447
-8.77816	4.11004
-6.47362	3.68152
-4.69021	2.48143
-5.26054	4.65166
-4.97561	2.7613
-2.38169	1.7024
-3.83495	5.2844
-6.57704	2.29892
-7.73745	4.25681
-20.5469	-4.86505
-19.0357	-2.92367
-21.0844	3.25873
-17.3424	0.121166
-9.13625	-4.73296
-14.9358	-8.80505
-15.6588	-8.57574
-18.712	-2.84809
-19.4256	1.7237
-16.0319	3.83083
-9.83916	-2.69186
-10.6395	-2.54046
-7.89232	-5.09418
-4.05823	-2.10591
-9.79419	1.27371
-12.3569	1.36378
-13.467	1.44175
-15.4116	-0.363399
-19.2214	-8.09586
-19.4214	-2.75975
-10.3815	4.98212
-18.1131	1.19633
-22.0629	-2.28968
-24.0444	-1.04382
-23.0744	-2.36154
-23.8251	-1.1274
-22.6266	-2.36765
-23.1916	-1.92509
-22.8945	-2.83536
-22.2294	-1.95018
-20.1985	-0.593376
-9.94967	6.13132
-9.79501	5.06986
-8.88075	3.46
-9.31195	4.36489
-8.07676	2.95694
-9.8162	0.897784
-10.4778	0.811124
-7.65983	2.01458
-1.78371	0.496692
-8.1349	1.8052
-8.75995	5.24123
-6.56859	8.13678
-3.38489	5.88453
-5.49763	6.08726
-12.405	3.1566
-16.9733	1.86781
-15.4782	4.21637
-15.5944	-0.345121
-14.6686	3.35359
-16.4165	1.95958
-16.0044	-1.19506
-16.4428	0.318613
-14.4	-0.209329
-15.6977	0.837001
-15.4734	-1.10679
-5.5705	-2.12299
-9.9912	-2.35997
-7.84626	-1.84297
-5.46385	-2.56908
-4.46115	-1.04693
-1.90783	-4.14729
3.27343	-2.23791
-0.0218158	-0.0233321
-3.12161	-1.20835
-2.48911	-1.14523
-9.78972	-7.09406
-10.2086	-5.41356
-8.0655	-1.66112
-9.64761	-7.79301
-7.74941	-5.74028
-8.05827	-3.02738
-8.78109	-3.71512
-13.2863	0.578563
-11.9776	-1.24708
-14.7512	-2.71811
-11.9956	-7.46217
-20.4977	-10.777
-21.917	-11.4394
-22.6982	-10.4044
-22.6859	-11.37
-19.3563	-11.7555
-14.88	-9.4806
-2.59583	-7.39511
-2.88117	-4.71263
-6.98709	-4.7066
-6.31184	-2.08759
-6.11715	-12.5889
-7.94252	-5.04768
-6.40876	-0.194743
-1.67868	-6.49828
-7.03971	-2.24759
-9.54247	2.35061
-7.66828	1.36627
-8.86948	5.21635
-11.8307	9.47868
-13.7079	5.66337
-14.6884	7.22192
-13.8489	4.80208
-11.8123	0.852757
-11.9937	1.52352
-12.5171	0.328831
-18.8504	-2.85488
-22.9636	-4.47613
-23.2213	-5.24552
-21.4845	-7.91077
-20.2806	-7.66648
-17.3238	-8.66391
-13.5063	-9.43943
-12.4266	-3.94062
-9.43016	2.06366
-9.72229	-1.9218
-15.8337	-3.23711
-17.6439	-17.1693
-9.67216	-0.102063
-12.3508	-9.56011
-14.9213	-8.9806
-14.0577	-10.295
-13.2123	-9.33815
-12.4231	-9.31469
-10.7792	-9.95192
-11.1125	-6.54676
-6.37878	-5.64738
-8.9129	-3.99003
-4.84629	6.84158
-11.944	4.43016
-12.7001	4.83406
-15.6266	-1.03805
-11.9251	0.148657
-15.4533	0.174677
-14.4086	-2.5922
-8.40294	2.6085
-12.3763	3.76795
-2.5127	6.08997
-1.51667	1.07498
-3.53143	0.472132
-5.21634	1.38842
-4.40649	1.19909
-5.58913	2.09983
-7.54268	2.49609
-9.27619	-0.300731
-9.94385	-4.96049
-11.1932	-4.91361
-9.55363	-8.61486
-10.4215	-11.301
-9.33496	-10.9002
-8.98645	-14.5149
-11.3276	-10.9469
-11.7679	-9.12015
-13.1258	-4.88216
-13.9245	-0.0572825
-12.5382	1.35689
-2.22154	6.7325
-3.62803	-0.65416
-4.2887	3.55582
-12.8931	2.82695
-19.7585	-5.41048
-22.4739	-4.75402
-20.4507	-3.89475
-22.6504	-0.940445
-20.2604	-0.41461
-18.1662	0.594148
-14.8717	0.864709
-10.6491	1.08467
-5.28359	0.807019
0.930365	-0.476171
4.27848	-1.04208
6.58462	-1.47397
7.79537	3.65246
5.01638	4.49989
3.61203	5.88739
0.927961	6.47493
2.04144	5.01145
1.36543	3.92092
-0.511528	3.47788
-1.845	4.26825
-1.74677	1.60374
-2.60667	3.51173
-2.87811	1.58289
0.0845827	-0.419109
-0.731472	5.85049
-9.31501	-9.91967
-6.62411	-8.1501
-5.87582	-11.4027
-9.51512	-11.9343
-10.2228	-13.3751
-10.1039	-17.0718
-6.6858	-7.15413
-7.25227	-15.3531
-9.43609	-10.1583
-7.84851	-1.00789
-11.369	3.80465
-13.7552	1.99047
-20.4126	-3.75858
-22.2303	-5.27204
-21.9388	-3.6626
-21.2946	-3.54768
-24.3702	-3.68286
-21.3387	-5.19993
-27.3487	-3.53931
-22.4499	-0.192501
-25.26	-1.53035
-26.8802	-0.714786
-20.9203	-3.61412
-18.1098	-5.09967
-14.445	-2.24618
-13.516	0.48534
-9.27525	-0.835979
-5.40972	3.67163
-9.25124	3.88437
-9.49218	4.25017
-11.5126	9.51332
-15.4838	-0.550063
-13.3979	2.30615
-13.78	4.56367
-16.4215	-1.523
-13.9389	3.76868
-16.5987	2.62518
-15.7303	3.82716
-19.3998	1.44904
-11.3833	0.589875
-17.3799	2.70926
-15.6605	-1.11537
-19.8527	-0.527043
-19.6094	0.832499
-16.9188	2.85945
-14.838	1.7002
-17.2421	-3.6509
-16.9032	3.99037
-8.35106	11.3577
-2.65315	7.10332
-1.2902	1.51857
-0.379352	4.16428
-3.97282	5.7653
-2.5483	5.66948
-0.104704	2.95865
-4.53881	2.37156
0.0709789	9.70048
5.05048	7.53403
1.11948	10.0763
0.945329	9.1537
3.28267	4.82078
3.60444	-0.918007
3.82696	2.96986
-1.88464	2.53349
-2.82694	1.98508
-4.91021	-0.158798
-11.2048	-7.02314
-8.43409	-6.23121
-9.40156	-8.65458
-9.89919	-11.7365
-8.89988	-9.34221
-12.688	-7.81968
-11.8548	-9.32749
-5.69374	-2.09469
-8.03405	1.96625
-12.5959	1.83624
-13.0238	0.158477
-14.6762	1.79398
-14.6929	1.34716
-14.0389	0.595288
-13.6882	1.24901
-11.9166	1.15246
-10.5051	0.510553
-10.8774	0.782312
-11.4298	4.15041
-11.1156	3.63667
-11.0391	4.38858
-10.6396	2.80773
-9.16377	2.74342
-9.40186	4.8292
-8.81286	2.94725
-7.22891	0.589211
-7.06594	2.01904
0.468739	-2.77747
5.84279	-2.86751
2.00542	-3.00071
-5.8483	-5.22969
2.03006	-2.21209
4.2047	2.14632
-2.35799	0.660453
-0.00230646	3.48487
0.524118	-5.04719
1.80501	-5.23983
-6.1065	-8.95778
-9.12343	-5.11994
-17.8612	-3.40651
-20.8347	-4.52211
-22.9446	-3.64724
-24.6933	-3.00983
-26.6517	-3.17532
-26.7574	-4.841
-26.1517	-6.71918
-19.1676	-10.0685
-8.04222	-5.95747
-10.1156	4.05486
-11.761	-3.22318
-10.328	1.29793
-17.0374	-6.02643
-9.23166	-4.52209
-10.0985	-4.7767
-10.9685	-2.31696
-6.51109	0.59889
-4.0052	-0.907299
-0.252852	-3.53092
1.13391	-2.59657
1.13562	2.5101
3.94592	4.39831
-3.32077	0.0115946
-4.21645	5.23003
-9.09867	2.41609
-8.77456	2.80518
-10.4135	0.969786
-16.1512	-3.27372
-11.3258	1.17609
-17.9161	-0.841475
-21.8894	-3.56408
-24.4338	-4.05496
-25.6098	-4.99569
-21.7419	-6.71342
-17.5905	-0.240264
-14.3715	6.37874
-12.543	5.53415
-13.5268	5.76855
-12.9358	4.85863
-11.875	4.58657
-11.2534	2.80224
-11.0828	2.97255
-12.1721	-2.13325
-11.2051	-4.16857
-12.4577	-5.98574
-10.2652	-8.10067
-11.1333	-6.74884
-10.1582	-7.93004
-10.8633	-3.93883
-10.7277	2.11437
-5.17227	6.80489
-3.33452	8.09453
-1.70204	4.08302
-0.230835	2.78814
-3.69468	1.39391
-3.83394	4.15601
-1.44958	6.73254
-4.74827	5.78205
-2.41453	9.98483
-6.56851	7.00023
-7.07932	9.35136
-15.6471	3.81702
-7.60892	7.79358
-10.813	-2.95986
-6.55176	-11.0942
-4.19354	-4.86371
2.396	-1.64211
-1.99114	0.0986004
-6.89481	0.128331
-12.7618	3.72576
-10.9415	1.99556
-9.85982	2.66922
-6.93285	2.44962
-0.280476	2.49762
-4.86797	7.48422
-7.60258	4.00492
-11.913	-0.3218
-11.6316	0.60363
-12.7066	-1.70783
-16.2137	1.57961
-14.7107	-1.92049
-12.3135	1.62262
-17.2334	-5.59452
-14.0063	-3.39089
-13.7102	-4.29162
-15.9393	-0.852067
-19.0311	-5.70589
-21.4153	-2.8501
-21.6651	-1.5143
-22.3919	-2.10321
-20.4547	-6.91694
-12.5253	-10.8532
-5.42435	-2.09595
-5.07735	-4.55905
-12.3732	-11.6988
-13.2285	-5.50332
-11.2628	-5.66076
-11.7658	-11.6639
-12.9886	-8.25641
-13.2586	-2.13819
-10.7541	-4.72316
-9.76141	-7.02927
-10.5429	-4.22219
-3.69195	-5.63218
-4.42249	-4.46571
-5.45321	-9.6842
-6.20148	-6.43717
-11.6113	2.70229
-11.5518	9.16306
-15.5696	3.10708
-7.362	10.9454
-14.7965	-2.32268
-16.9843	-3.66362
-16.0299	-7.90607
-13.689	-10.9072
-11.4955	-12.6971
-11.7074	-16.1449
-10.9301	-16.7289
-11.8516	-11.2557
-12.6168	-11.7681
-13.6015	-12.446
-15.7765	-13.6588
-18.78	-13.2798
-20.986	-13.8705
-22.3049	-12.8911
-24.7457	-10.5802
-26.2992	-7.22865
-20.1839	-7.72057
-25.4691	-7.45686
-22.3326	-6.01115
-23.1736	-4.15212
-23.3351	-3.58593
-23.7296	-4.18767
-21.6926	-3.13677
-19.6342	-2.5902
-16.1601	0.133149
-14.0123	-2.10362
-14.2528	-1.66605
-17.9114	-3.56344
-17.4104	-6.50664
-13.3994	-3.90681
-15.6033	-4.65088
-16.3338	-3.91601
-17.054	0.297215
-15.666	-2.57448
-14.6837	-3.66073
-16.8616	-4.24176
-13.6346	-1.74964
-12.1317	-9.48317
-11.596	-11.3753
-12.5425	-7.50453
-14.6246	-7.1393
-13.8128	-12.9883
-12.996	-7.36759
-13.9251	-12.271
-10.6793	-9.96511
-12.2707	-12.0251
-9.46738	-12.7332
-7.97012	-12.7637
-11.2245	-7.78227
-10.4782	-7.12161
-9.78838	-7.36083
-17.1894	-5.7065
-17.9399	-1.00842
-18.7431	-4.82326
-14.5644	2.60046
-16.9205	-2.11038
-13.6846	1.74124
-12.4123	-0.927464
-16.4582	-1.59962
-16.6887	2.4041
-15.7193	0.764685
-16.1585	0.250012
-15.7864	1.3178
-9.21918	-2.50182
-16.8393	-1.21155
-18.6802	-5.24742
-15.1684	0.0320201
-15.8153	1.00253
-18.01	1.17961
-12.5802	4.5965
-16.7171	-0.713
-18.4908	0.085308
-17.4288	0.257329
-17.0517	1.60997
-8.8488	3.02466
-2.89419	6.31635
-1.13657	0.637394
-3.05902	4.06245
-0.995113	-0.883709
-7.88142	-5.03161
-12.3421	-1.38865
-12.2093	-5.05992
-12.4854	-7.85578
-11.5164	-10.3375
-11.6142	-9.91779
-8.59573	-12.3986
-7.11324	-11.0519
-4.06382	-5.39562
-4.67164	-2.24171
-3.4418	3.21959
-7.2724	-1.95975
-3.73549	1.50597
-6.39399	-0.374458
-6.64356	-4.61565
-5.97252	-4.54012
-7.30622	-2.08699
-7.01433	-0.842019
-6.9602	-0.586935
-11.8916	-7.95237
-15.0318	-9.43911
-17.6396	-10.2443
-20.2537	-8.63344
-21.6083	-5.25138
-23.3395	-2.4871
-24.5029	-0.799254
-21.8122	-1.94645
-22.2102	2.03073
-17.5764	0.277737
-13.4846	0.588282
-8.20219	-2.8298
-8.33567	2.60714
-7.71247	-3.85311
-5.39992	-3.76867
-6.06662	-4.23855
-2.40703	-6.50091
3.88928	-5.90734
5.1875	-9.85257
6.49985	-4.83352
1.02766	-7.46021
-4.85768	-8.5009
-6.61807	-9.19552
-8.82246	-7.67535
-9.78946	-11.0017
-10.6949	-10.3066
-11.3655	-11.2762
-10.4713	-11.5856
-10.5193	-8.39
-7.57546	-8.29415
-4.75136	-6.35532
-3.87856	-2.34525
-5.91198	-7.75802
-10.0991	-7.502
-13.0477	-16.4263
-8.7106	-14.0889
-9.90557	-7.21631
-7.69307	-9.38954
-3.62246	-5.11376
-3.68056	-9.44203
-7.47607	-8.91213
-11.9673	-4.95609
-11.1597	0.600268
-13.5559	0.418952
-14.3323	-8.72065
-5.86463	3.21728
-10.4292	-3.25792
-15.7092	4.02828
-9.57775	2.38044
-9.13216	0.1088
-10.3213	-0.0151434
-14.2517	-0.0167408
-13.6828	-3.52521
-11.8584	-6.33287
-10.7031	-7.68626
-8.35256	-7.91638
-7.01133	-8.2802
-5.46095	-7.14607
-3.6149	-5.15933
-1.72289	-4.63768
-1.79372	-2.82717
-0.446626	-3.13038
-0.00794824	-4.08358
3.29008	-4.64784
-1.02389	-1.15841
-2.69198	1.28922
-1.37813	1.66561
-6.79813	0.922111
-7.02597	-2.43795
-14.2235	-2.42149
-14.9532	-7.23442
-16.762	-8.58592
-19.0855	-10.783
-21.3922	-11.1383
-24.3055	-9.03421
-26.2626	-7.29711
-22.4496	-11.3834
-24.1812	-10.8264
-16.6959	-16.2019
-12.8448	-17.9449
-11.5836	-13.4568
-12.0112	-14.7145
-11.5846	-12.0506
-9.04261	-13.8745
-9.07459	-11.9003
-9.70797	-15.1971
-13.8826	-17.5687
-19.3038	-15.0529
-22.6047	-10.4888
-23.6422	-6.14425
-25.0221	-0.0109682
-22.5275	1.88825
-17.7105	1.26499
-17.1412	4.8554
-10.2455	4.36098
-9.36939	0.200856
-10.4938	-1.82731
-8.87493	-2.17027
-7.14597	-2.11897
-8.89909	-0.177335
-10.042	1.47944
-11.3951	1.23546
-13.667	2.15006
-17.1589	3.48527
-19.8648	4.87645
-15.7543	-0.577783
-17.0393	-0.718776
-16.568	-0.843544
-19.7015	-1.54802
-21.5961	4.48581
-18.7459	5.39537
-17.8741	1.42362
-18.9081	1.71051
-18.1589	1.53482
-19.4409	3.42006
-16.8578	-2.2978
-12.5478	-3.85677
-14.8789	-1.41482
-15.8442	-1.56226
-16.8926	4.90234
-16.5006	3.72331
-15.8258	2.22787
-19.4659	0.534952
-16.2045	-0.347464
-14.5575	1.30061
-18.57	3.89867
-14.9443	-1.8014
-19.0736	1.72301
-18.2099	7.36594
-19.297	3.09618
-13.6079	5.24512
-16.7425	3.38689
-13.6171	2.13295
-16.9735	3.57416
-17.4516	3.63097
-16.7845	1.43154
-19.1555	4.84786
-14.8307	7.69709
-16.6564	5.60419
-17.4267	6.2418
-14.9446	4.23698
-16.7583	4.6444
-10.2583	6.04581
-11.9649	-1.24354
-12.4526	-7.35211
-11.4801	-3.92398
-10.4528	2.86107
-10.5965	-2.9296
-10.61	-7.77043
-9.55743	-11.7394
-12.2867	-10.9759
-13.218	-11.1979
-14.189	-9.0852
-13.1091	-10.888
-13.7866	-8.88981
-13.516	-8.22402
-12.0122	-6.57029
-9.00754	5.97208
-7.58699	5.37315
-7.1699	5.89823
-7.17432	5.68199
-6.61455	4.12765
-6.78736	3.55688
-6.92472	5.05509
-5.64094	5.29081
-5.33094	1.49179
-14.9173	-3.16532
-15.5084	-4.96811
-12.3551	-6.03525
-7.35503	-5.11697
-12.8379	-3.2254
-18.0376	-5.45795
-19.1361	-6.48819
-20.172	-6.83253
-22.435	-6.39614
-23.5745	-6.10358
-25.3684	-6.11693
-23.8972	-7.31201
-23.8287	-8.66204
-22.321	-10.7411
-20.5143	-11.3495
-16.0651	-8.19117
-12.1817	2.8442
-9.10219	-2.13134
-14.2892	-2.26013
-15.0785	-3.24595
-15.1966	-6.44232
-18.0537	-4.98972
-22.9776	-6.42955
-19.9928	-6.78023
-19.0164	-6.47087
-19.3489	-5.91976
-14.2534	-5.59998
-15.2269	-7.46796
-19.7895	-5.87835
-16.4491	2.27263
-10.7151	-4.25327
-17.3605	-3.84534
-17.6504	-6.81772
-21.5417	-7.74211
-23.0708	-4.86171
-25.5177	-6.57068
-24.7061	-3.74388
-23.7428	-3.24845
-29.2155	-1.64574
-21.3881	-3.12606
-26.7176	-6.64203
-22.7513	-9.65651
-19.2697	-4.59469
-16.877	-9.27256
-14.8369	-2.42971
-13.1137	0.33864
-18.1906	-6.17284
-18.3972	-3.42555
-17.9493	-6.2946
-15.8502	-4.06399
-17.8804	-2.1313
-15.3735	-6.90962
-13.745	-9.02302
-11.5491	-11.8299
-6.62852	0.0665628
-7.44373	-1.8121
-0.705515	4.73568
5.03689	0.938403
4.07576	0.241094
-0.661375	0.623837
-1.97859	2.04449
-4.17884	4.53834
-6.13674	6.39793
-5.70982	4.87751
-5.61416	3.93286
-6.72505	3.24623
-7.63989	3.11151
-9.91273	1.77877
-13.3404	1.56115
-17.0322	0.626551
-17.3214	-2.56375
-17.4483	-4.40578
-15.2766	-6.16017
-13.3311	-3.81315
-7.64923	-2.69771
-8.27215	0.534537
-4.97939	0.621792
-9.36868	-2.13191
-10.2686	-4.27789
-15.5611	-11.589
-13.6698	-7.51392
-12.5063	-10.7149
-9.91364	-7.73241
-11.4848	-4.75343
-11.806	-10.3373
-12.6441	-6.54177
-15.766	0.530725
-10.376	7.56775
-12.7337	1.5147
-15.0437	-3.10414
-14.6618	-5.44751
-15.8632	-4.49896
-16.3944	-2.91402
-16.2356	-4.48364
-13.9292	-2.70313
-4.37744	-10.993
-3.47147	-8.84404
-6.47828	-9.58953
-10.865	-9.35944
-8.23716	-4.30802
-9.4336	2.71891
-13.428	-0.123262
-13.8313	-3.03546
-14.0248	-0.221564
-14.484	2.10277
-14.9268	0.463366
-16.501	1.28755
-19.4679	-3.33588
-20.6601	-3.59521
-18.4471	1.28978
-19.1227	-3.61118
-13.8181	5.14907
-14.373	-4.6064
-18.405	-6.98655
-22.1901	-7.0236
-25.5359	-3.12313
-24.445	-4.36935
-25.6946	-3.34429
-24.8222	-4.419
-25.2574	-3.14319
-24.8711	-1.81934
-25.0432	-0.308596
-20.5216	-2.87584
-8.82821	-6.38624
-0.832154	-1.61041
1.14045	-5.61483
-0.499415	-0.548025
-6.05949	1.95922
-4.8579	2.0357
-1.11816	-0.254851
0.647674	-1.26511
3.07379	-3.39358
3.75018	-2.32722
7.14606	-6.34787
6.10011	-5.15973
4.77991	0.348795
5.00876	0.861504
4.46319	-0.468661
-3.99007	6.97142
-8.83421	0.355957
-11.955	3.18034
-15.1241	-1.95498
-13.7036	3.78634
-14.1234	2.99748
-16.5169	3.42958
-12.0499	0.381768
-17.0333	-0.59826
-15.7749	-1.63481
-17.7016	2.48323
-15.3881	4.45274
-16.9499	1.15125
-18.745	-6.60967
-16.9555	-5.42453
-16.4093	-8.81056
-12.9635	-9.10495
-11.7018	-5.23251
-15.9308	-2.80512
-11.9446	0.0133061
-12.4307	5.26609
-18.1245	-5.37665
-14.5006	2.77799
-17.3556	-1.86587
-18.0389	4.60315
-14.9084	2.65386
-17.0193	1.71195
-15.6465	2.83905
-16.6866	3.67768
-16.8734	3.13508
-15.5037	2.68732
-10.37	-0.513245
-14.5417	1.15864
-18.5756	1.47568
-15.264	-0.809406
-16.9547	0.111495
-16.9532	0.614628
-13.7838	5.89515
-16.3032	4.26644
-12.4111	3.12981
-9.88222	-2.16567
-9.62572	-1.59116
-14.8159	6.13257
-18.329	9.23585
-17.1252	9.25387
-20.925	-0.338764
-24.2654	2.02948
-19.1394	1.12733
-15.1434	3.40904
-13.1331	7.79997
-10.1402	10.4511
-8.02419	4.27936
-6.83221	8.75127
-9.91794	3.56587
-15.1205	3.09033
-16.1269	3.94319
-22.0834	-4.29638
-18.4855	-2.68033
-1.51663	4.63517
-5.29688	2.12457
-4.98158	-5.1836
-6.26558	-5.80905
-6.79482	-5.45456
-7.41034	-2.85655
-7.48828	2.23297
-6.55372	0.966135
-4.36988	1.59356
-5.73943	2.73657
-4.33828	1.71358
-8.17412	-0.491072
-13.9079	-5.7981
-16.5058	-3.14657
-7.74383	-2.41697
-13.0149	0.142022
-11.6194	-2.62445
-11.5241	-2.54675
-11.2938	-2.63883
-10.1782	-3.13534
-8.43785	-2.43572
-6.24179	-0.808766
-0.669598	-4.522
0.674634	-2.83233
3.7698	-1.70257
3.0287	3.50577
-0.70822	1.11189
-16.516	-3.01313
-5.00828	-3.27326
-1.01905	2.90709
-0.14253	5.62994
-2.41804	-0.113027
-4.13994	0.805715
-4.32793	-1.11388
-3.60114	-1.20778
1.56946	-8.54051
-3.31536	-6.81484
-5.02825	-4.67475
-6.28455	-2.49322
-6.71188	1.20772
-5.13497	0.00744845
-4.9633	-1.10925
-6.56065	0.318468
-6.02769	0.156814
-6.14334	0.884993
-4.62408	-1.43749
-0.0376783	-0.666567
-1.36356	-1.31062
1.41154	4.1762
-5.52413	-0.806381
-2.8513	0.984772
-6.90199	-6.24001
-4.91659	-3.77879
-3.57292	-2.22968
-9.31662	-8.69396
-9.75318	-8.18391
-5.35803	1.35121
-4.13024	3.3793
1.00555	4.29733
1.22714	3.16165
1.79281	0.131697
1.84786	0.285026
1.24055	-0.0765446
1.04984	0.74269
2.32193	0.135207
1.19928	0.969298
0.547433	2.68041
0.209316	1.44398
-2.54689	1.61691
-4.87061	0.905817
-7.52024	0.0677196
-8.94107	-0.782461
-9.34169	-1.3681
-10.5755	-1.23411
-12.1591	-2.44971
-12.879	-1.3188
-13.4397	-1.12697
-13.6863	-0.422049
-13.7852	1.41022
-9.30181	7.09694
-10.7004	9.55783
-9.98714	8.34064
-8.90117	6.22286
-10.4967	7.42795
-10.2806	6.8724
-11.2158	8.15137
-11.1929	8.5436
-12.5953	9.47387
-11.5147	8.51191
-12.4655	8.61007
-13.42	8.8185
-13.6506	0.93816
-14.1934	-0.882403
-14.178	0.465876
-13.2839	-0.906643
-12.5773	-1.35233
-10.8052	-2.62736
-6.98243	-3.16105
-2.95692	-3.60468
-1.66393	-2.39879
0.290644	-3.27548
-1.0445	-3.2044
3.06923	4.89405
0.115366	3.69125
-0.0543515	0.953277
-3.89505	5.01081
-6.19399	4.68037
-6.22309	4.70113
-5.40279	4.60441
-7.34099	5.50137
-8.34764	4.69748
-9.52039	3.14575
-0.265703	-7.64042
2.77312	-4.59369
-7.67537	-3.8614
-12.4122	-1.42917
-14.4143	-4.22336
-13.8547	-9.58634
-15.1793	-11.1702
-14.6556	-13.7597
-15.5065	-13.185
-14.9686	-12.7141
-15.5678	-12.3557
-16.4009	-12.0516
-16.1812	-11.9769
-15.228	-9.98531
-14.541	-7.81184
-15.9677	-7.13522
-16.4254	-7.04271
-17.5285	-7.10812
-17.7729	-7.84923
-17.8156	-8.93711
-18.4655	-8.88233
-19.4866	-9.14084
-20.5123	-8.55401
-19.161	-7.99674
-19.9588	-6.43146
-18.4766	-7.42956
-15.3337	-7.02274
-10.8404	-4.64905
-3.44274	-4.95005
-5.23523	-6.01659
-3.03537	-8.09689
-2.7826	-8.83809
-5.47585	-2.50276
-7.11573	-6.55884
-10.7333	-5.41772
-7.51391	-1.29688
-12.584	-1.93534
-7.28917	4.28263
-7.03352	0.902176
-12.7617	-4.82001
-15.0328	-2.53012
-15.3156	-1.76576
-13.3589	-4.26979
-12.9103	-3.1014
-10.5117	-3.07691
-9.69109	-1.04555
-7.39573	-0.630253
-6.45791	-1.99709
-6.68181	6.22863
-3.8441	3.58353
-4.51367	9.84532
-7.48214	7.45532
-9.52056	3.832
-16.2446	1.46799
-19.5205	-7.05666
-16.0999	-4.60797
-16.4535	-7.0886
-0.529991	-2.38295
-2.64032	-2.64338
-2.66295	-4.83118
-5.68446	-2.46706
-7.20082	0.499133
-7.37281	2.38289
-8.7138	3.49395
-8.16093	4.17439
-6.65248	2.37394
-7.38678	3.44253
-5.40578	1.1961
-3.04289	0.996094
-2.04117	4.6924
1.36613	0.151265
-3.27587	-0.46494
-9.28525	-5.01813
-9.70553	-8.61365
-9.47424	-10.5933
-9.8	-2.25104
-10.606	0.293545
-11.9855	-2.31612
-15.1285	-2.66418
-12.1747	-0.843557
-14.9981	-2.33692
-14.4123	-10.8613
-9.56971	-9.1574
-13.4049	-2.75906
-6.32191	-1.98132
0.124684	-5.24022
4.54849	-9.11129
6.00105	-4.82189
-8.69076	-1.19782
-10.772	-5.44611
-10.8575	-4.4408
-8.12714	-6.7447
-6.06111	-1.34449
-1.14271	-0.310124
-0.920299	-4.4475
-6.55342	-12.0747
-11.4042	-10.3586
-7.57663	-12.5648
-10.099	-13.729
-10.2081	-10.2103
-14.7709	-12.5576
-16.259	-10.3627
-19.4282	-6.01024
-22.5809	-7.85689
-18.5973	-4.10317
-15.4456	3.75436
-18.56	-0.156637
-24.0072	-3.12597
-17.736	3.63017
-24.9918	0.582164
-20.8879	0.320447
-25.624	-0.225517
-17.4718	5.77206
-9.22945	1.67912
-16.5014	4.51105
-22.4497	1.88673
-13.6804	8.38803
-8.09936	5.42644
-9.78446	7.1904
-9.09486	7.66012
-6.52356	3.00133
-6.53696	2.93495
-5.8055	1.74489
-5.87103	1.27064
-4.5966	-2.52753
-5.1267	1.47931
-1.71349	-1.382
-7.12234	3.36409
-5.75797	6.84621
0.705572	12.2919
-7.39397	11.1457
-11.6489	-15.0474
-5.85309	-8.45639
-4.11185	-6.3
-7.85554	-7.50837
-4.47313	-12.6577
-8.73384	-12.271
-7.54661	-11.3411
-7.80845	-12.8843
-6.59088	-14.3394
-3.86759	-8.0713
-4.24345	-7.8529
-9.40886	-6.79371
-14.6873	-6.89915
-12.0382	0.404582
-18.4935	-3.50041
-17.4255	0.43784
-17.5624	-0.241141
-15.4522	5.52829
-16.0059	2.78859
-14.5022	5.13314
-14.8099	-2.29861
-16.2272	-2.16524
-13.963	1.98011
-12.4519	6.26641
-17.902	5.08933
-11.6228	2.59126
-15.6019	0.35569
-17.2294	-3.58113
-16.5603	-4.57276
-14.9873	6.896
-15.4649	-1.88441
-15.5893	-0.928006
-16.4834	3.83713
-12.7428	2.51224
-15.3463	1.92724
-14.0094	-0.781571
-9.41469	0.900944
-1.51676	1.84419
-4.59378	4.23617
5.54388	-2.8313
9.22315	-4.53984
10.6332	-4.00684
11.4558	-2.03232
8.37598	-3.38008
8.10058	-3.45368
4.95044	-4.55265
2.26506	-5.88528
-2.91635	-5.51485
-10.6772	-1.6869
-14.9424	-0.133455
-18.2825	0.801884
-19.8727	-1.8349
-20.5807	-3.2053
-16.6222	-1.94001
-10.0398	5.21347
-10.3971	3.07161
-10.9099	2.43003
-11.3261	4.22125
-11.6363	0.618989
-11.2691	-9.4176
-22.3491	-4.81587
-19.9786	-10.2463
-19.4162	-12.1364
-17.6926	-13.6825
-16.7348	-14.2876
-15.6207	-14.353
-14.1927	-11.6862
-9.46838	-1.80989
-5.12199	-1.545
-6.5542	1.16983
-11.3762	-0.317619
-9.19286	0.644847
-14.8492	-4.37445
-9.07193	-5.28059
-17.7676	-7.59084
-19.241	-10.0882
-9.49572	-0.265503
-11.0392	-7.12699
-11.6291	-12.6791
-10.473	-14.0894
-10.43	-13.7507
-9.37698	-12.7951
-7.66339	-11.04
-6.03504	-3.2906
-6.53547	-0.778497
-8.90034	-0.228338
-11.2709	-5.77272
-7.16771	-3.88374
-9.14885	-4.85954
-19.0026	-9.11349
-17.3742	-4.46222
-11.8518	-7.21502
-18.3433	-9.25205
-20.558	-7.41134
-19.8854	-9.37109
-19.9279	-9.41432
-19.7488	-9.61688
-18.1426	-8.47212
-17.0351	-5.18381
-16.7816	-6.97878
-18.494	-5.76472
-18.9542	-4.18137
-17.3898	-3.61176
-15.4545	1.4318
-12.0533	3.84202
-13.1359	5.28594
-13.1437	4.80129
-12.2119	4.20636
-10.9731	3.7534
-11.5811	4.65073
-12.7699	6.36338
-11.4414	3.35769
-12.233	4.35501
-11.2534	3.07303
-10.321	2.1275
-9.8426	1.00295
-8.96859	-0.424793
-10.9537	-0.946128
-12.3603	-12.2453
-14.0308	-17.3704
-14.0933	-18.2078
-13.3194	-18.7387
-13.616	-19.2193
-13.7254	-19.8503
-13.6504	-21.6455
-13.7002	-21.4974
-12.7402	-20.8813
-10.5637	-18.206
-8.09988	-11.4232
-7.03476	-5.94926
-7.98016	-2.50474
-5.60501	-1.51941
-8.97308	2.47769
-9.27081	0.249733
-6.35245	1.53966
-4.26552	5.69151
-9.71521	1.85389
-11.858	3.24314
-14.7586	2.09868
-17.2248	2.71054
-15.0575	-0.571015
-13.1881	-3.07779
-12.1932	-5.90503
-13.7659	-7.68022
-15.0783	-12.649
-16.2406	-13.5873
-18.6433	-11.8637
-18.7749	-11.1326
-19.4678	-13.1282
-20.6716	-9.57001
-17.0655	-12.7357
-18.4301	-13.0736
-18.0421	-12.9843
-18.5264	-14.1116
-19.5702	-12.6721
-20.5509	-11.4819
-21.7764	-12.0757
-19.0245	-14.3695
-20.0247	-11.5106
-16.2503	-11.5597
-16.2612	-10.8744
-16.9683	-8.11253
-16.0172	-6.62486
-18.7437	-4.26958
-20.0748	-3.00687
-21.6314	-2.16473
-20.833	-1.77494
-22.0526	-0.969003
-24.015	2.60797
-24.4081	4.62398
-21.2848	5.87614
-15.4767	7.39557
-9.4519	7.15499
-9.04176	3.86939
-9.37952	4.82015
-5.88433	4.45611
-4.5332	2.70617
-3.81467	-0.400746
-2.78176	1.41335
-3.93222	7.45786
-0.728829	6.1773
-3.0158	1.46109
-7.42851	-1.95424
-12.0452	-4.89529
-10.0811	-9.25321
-8.27416	-9.87112
-9.09909	-6.21893
-8.38085	-5.22921
-8.18109	-4.98326
-6.70549	-2.34148
-9.62053	-0.980045
-2.42725	5.18407
0.207707	-6.92
-5.68836	3.03894
-3.0898	1.20423
-5.97659	-1.32577
-8.38214	-1.37509
-12.1348	1.09033
-11.9141	-6.77574
-15.8631	1.38352
-8.80842	-6.93494
-5.4551	-1.59031
-5.59567	4.56644
-10.1497	0.437102
-8.96224	-6.77696
-10.5665	-10.9959
-10.4273	-8.1534
-14.9323	-8.54268
-13.6445	1.26849
-13.0495	6.99786
-16.1	-0.0401364
-16.1999	-2.2623
-13.9108	-2.78691
-15.2563	-1.45934
-14.1956	-4.64804
-16.6373	-9.1971
-12.8839	-0.697453
-9.05001	9.39618
-14.6927	3.18202
-15.2344	-10.4983
-18.2538	-5.98269
-18.9213	-5.81157
-23.1571	-4.0981
-25.0889	-2.40822
-26.9344	-2.5365
-25.2852	-4.44918
-23.5324	-7.51613
-17.9751	-8.62027
-16.9604	-2.53097
-13.1712	-2.55707
-11.7369	0.465276
-10.8062	3.51171
-9.35356	1.88462
-11.5687	-8.53637
-11.363	-6.6193
-11.6313	-7.38556
-11.4344	-6.64999
-10.8006	-7.56575
-9.48971	-8.55593
-10.2899	-6.26825
-8.21127	-3.8368
-4.08967	0.385954
-0.0447758	3.87933
-1.11137	0.798682
1.62698	-1.29798
0.19741	-1.72431
2.42038	1.05985
0.570581	7.14696
-8.70174	4.81332
-12.2905	-0.569199
-13.0511	1.05202
-15.4882	1.84867
-16.2368	-0.576305
-15.7841	1.46201
-15.7677	-1.4707
-15.3858	0.607788
-25.9516	-15.4951
-24.0475	-14.3212
-20.8973	-8.9793
-23.1002	-18.9981
-13.9652	-3.60863
-13.4439	-1.4402
-7.50802	0.433316
-10.5594	-12.1409
-10.9328	-10.2404
-9.88453	-10.722
-7.09426	-9.79627
-7.55424	-6.01146
-7.45047	-2.18622
-5.69702	-4.35712
-5.17259	-4.42786
-2.7335	-2.95029
-4.42788	-1.65909
-5.31608	5.33768
-12.5595	5.18512
-14.7972	4.51173
-11.8192	-18.2743
-18.1481	-14.8167
-12.5772	-4.16732
-12.3001	-1.21354
-8.64675	2.03023
-8.76652	3.73834
-6.85537	9.13998
-4.54957	2.15698
-12.3491	-3.99992
-13.5403	-7.90123
-16.3755	-5.24533
-19.772	-6.94499
-19.4268	-11.1041
-19.3361	-12.8731
-20.3107	-14.3128
-17.6984	-18.0649
-15.374	-17.9048
-13.8971	-17.5166
-10.2715	-17.9889
-12.1669	-13.4348
-10.5306	-13.8486
-9.68985	-6.40793
-10.8885	-8.72335
-4.65124	-6.28499
-3.25144	-1.1776
-6.79112	1.61455
-10.4922	2.40971
-8.8495	2.66097
-5.40415	0.267902
-4.41503	3.03728
-8.39494	3.96602
-5.77206	2.50391
-12.1064	0.569344
-13.8337	-4.68376
-16.711	-0.337536
-14.9041	-0.0335024
-17.442	-2.94257
-14.9196	4.39759
-17.133	-1.36269
-16.1556	-0.50445
-17.9492	3.13246
-21.2682	-1.23705
-20.4161	-1.38927
-16.9446	0.754676
-14.445	-3.96979
-17.4193	-0.97313
-13.0213	2.79914
-16.0597	0.539293
-20.6249	-0.433189
-16.3257	0.00143156
-17.014	-0.635059
-24.9028	-5.51244
-20.494	-1.1679
-19.2929	-3.32554
-18.0288	-3.5417
-22.9248	-6.37282
-21.3563	-8.88979
-25.6779	-10.1764
-30.3231	-2.60852
-28.1572	-7.84261
-26.3139	-10.0626
-25.949	-11.6403
-23.6929	-13.2433
-22.0174	-13.4723
-22.5971	-13.1953
-23.4654	-12.6337
-25.2205	-11.454
-25.1594	-11.6506
-25.4062	-10.2927
-24.4669	-11.2194
-24.0749	-9.685
-24.63	-7.29114
-23.6487	-4.99879
-23.173	-2.82203
-22.5462	-1.00939
-22.4523	0.16503
-17.6182	7.48715
-7.52669	-0.906346
-8.6778	-0.8087
-6.04225	-2.16147
-5.9965	0.660888
-10.4014	2.03982
-6.21165	-5.40258
-14.0975	-10.808
-8.58756	-16.9406
-5.67768	-16.1556
-3.49323	-9.27192
-8.80762	-8.33521
-8.48965	-6.08941
-2.8288	-6.77893
-2.58972	-9.35035
-7.99584	-6.24529
-6.07869	-6.16343
-6.36319	-6.7046
-3.31467	-6.04736
-3.41508	-5.50003
-3.07729	-8.80931
-1.6317	-6.45829
-0.191875	-6.19283
0.640671	-5.66614
-1.71305	-6.3512
-1.22236	-4.67592
-0.642155	-4.54747
-1.26686	-2.42745
-4.02946	0.805075
-0.534121	2.96693
-3.03955	1.30293
-6.38952	4.39408
-6.5019	2.53861
-12.3385	2.39079
-13.156	-0.792546
-15.1421	0.297765
-15.2674	1.44712
-13.4313	0.730862
-12.1747	-0.514132
-11.3803	0.323625
-8.88451	-0.285767
-6.23603	-0.504972
-5.83502	-0.0259365
-5.79535	0.29696
-3.02035	-0.179139
-0.978266	-0.299862
0.240094	-1.71276
-0.596886	-2.97921
-1.90587	-2.71594
-2.65279	-2.5241
-5.45529	-1.5276
-12.4467	0.509193
-11.9982	-2.1386
-16.7447	-4.59822
-18.6152	-9.92661
-19.6573	-10.2117
-19.6406	-14.7051
-20.0696	-16.8561
-19.2497	-15.9454
-16.9278	-20.3425
-15.852	-22.1152
-18.5345	-16.8406
-12.9336	-20.848
-9.65623	-21.7043
-7.82011	-21.0437
-7.38511	-16.575
-10.3786	-7.10488
-7.04101	-2.34534
-9.74487	4.61329
-10.3647	5.24031
-5.97801	7.91294
-7.396	1.461
-11.4551	-6.59948
-10.8346	-10.2712
-8.43312	-8.23453
-10.7819	-10.9201
-6.50309	-9.87299
-13.103	-11.0988
-11.7602	-7.17092
-15.0396	-5.22559
-14.8582	0.321131
-18.2287	-1.81121
-20.1819	-4.7103
-23.7515	-1.54229
-23.1283	-1.45897
-22.8952	-1.26444
-21.7816	0.07382
-19.5404	0.647271
-17.1295	0.77356
-12.9034	0.521987
-10.0616	-0.503195
-7.90368	-3.67159
-7.57298	-3.61412
-5.8675	-0.926665
-2.58898	0.518292
-8.54085	4.96719
-10.5873	0.377043
-12.6776	-2.02073
-15.2321	-2.84448
-16.1648	-9.96099
-17.2243	-20.6804
-18.7181	-12.6354
-23.1144	-10.257
-23.8253	-10.8749
-18.6669	-3.57692
-9.34706	-6.25973
-10.8405	-10.5422
-9.27894	-10.2349
-13.8214	-1.63235
-14.493	1.88591
-13.5119	1.31975
-12.6094	0.862515
-13.8525	3.1506
-12.2822	2.63597
-10.4513	1.84409
-9.38965	0.341065
-13.3167	-2.53804
-17.9782	0.761441
-18.1183	-0.431266
-18.1535	0.0116725
-17.1376	-0.739007
-16.7236	1.43662
-12.3193	-1.40683
-11.1038	-1.50563
-14.0611	1.21019
-8.32885	-0.230185
-8.06109	3.78791
-9.97187	4.90349
-7.70214	4.61119
-8.49802	6.88456
-8.63926	4.40797
-6.51088	6.83871
-10.0634	5.86633
-10.0614	2.52443
-15.8527	5.62141
-17.7034	-4.91063
-15.7183	0.259943
-19.0699	-3.1975
-15.4897	0.496774
-16.3709	3.96844
-13.735	0.36538
-15.4723	1.22972
-17.467	1.40732
-11.5145	3.47515
-15.8542	1.50061
-14.0605	-1.17421
-14.4948	-0.342502
-17.3503	-2.78458
-14.0697	-2.94069
-18.5349	1.3375
-16.5674	1.96288
-14.3451	1.63382
-16.053	-1.99335
-17.2391	0.476806
-11.9129	7.61021
-11.159	6.41352
-4.848	-1.13545
-8.52451	3.84569
-6.47368	-0.554489
-8.00702	1.32247
-10.8886	5.00484
-7.92165	4.97605
-16.3189	0.748651
-20.6157	-4.37166
-20.0818	-9.23823
-20.7942	-9.29253
-19.2475	-9.39357
-18.9869	-8.43231
-16.0053	-4.60075
-12.3532	-0.816792
-9.50296	-1.47016
-10.0472	1.1335
-7.84979	2.23588
-6.64525	1.2141
-4.22013	2.91287
-2.41835	0.744582
-1.3043	0.311669
-3.05784	1.28963
-5.52436	3.28022
-5.91883	0.673141
-5.21679	1.96893
-5.87201	0.817639
-3.81329	7.75052
-7.27685	9.89492
-9.2894	8.50713
-14.66	3.2987
-16.8006	5.869
-14.5065	4.28524
-13.4996	-2.05168
-11.2794	-5.9135
-12.7336	-6.08078
-11.2795	-6.61545
-10.4051	-8.02574
-8.76348	-7.33959
-6.66983	-2.58233
-2.81433	-1.43767
-2.50341	4.32863
-4.71532	7.19168
-5.54227	-3.23587
-12.4393	-8.62373
-9.59889	-11.9029
-10.6633	-13.6383
-4.57569	-7.8141
-6.24232	-9.85911
-7.75444	-8.52191
-9.26235	-12.9882
-8.81184	-10.2132
-4.37583	-6.28638
-6.00519	-3.3622
-5.57657	4.78608
-5.0535	2.35934
-7.39258	0.81165
-9.94778	-2.81938
-11.0742	-4.54494
-12.0818	-6.99074
-13.6048	-7.93337
-15.4399	-8.23843
-17.5892	-8.53059
-18.3556	-8.95383
-19.4898	-9.44853
-19.6278	-8.09705
-19.779	-8.98699
-20.1372	-8.8692
-19.8576	-7.14853
-19.1264	-8.25787
-20.5358	-6.80819
-20.2362	-8.79591
-20.7232	-10.723
-21.8359	-10.6637
-21.8238	-11.983
-21.9302	-13.2584
-21.7126	-12.0682
-22.4968	-11.6166
-22.5195	-11.8175
-22.25	-11.6052
-21.4837	-12.3612
-15.0569	-10.4339
-10.1984	-5.18161
-11.7528	-2.04702
-10.868	-3.52546
-9.54457	-0.470061
-3.05694	3.74307
-6.41188	-3.85914
-0.732058	-4.57151
-4.92201	-2.90167
-7.01477	-9.97689
-4.49275	-11.1734
-8.40692	-14.037
-6.60011	-6.7525
-11.3648	-7.89404
-16.3219	-7.77805
-17.1078	-8.70402
-11.995	-7.31297
-13.7422	-4.0358
-12.9944	-4.41512
-5.92822	-1.39571
-9.66487	-6.32445
-12.6319	-5.01318
-15.0387	-3.96889
-14.7895	-3.11971
-14.6143	-1.02909
-7.68976	6.46623
-8.84433	7.04806
-7.95871	6.11494
-7.32472	7.83144
-6.72331	6.41899
-6.29673	5.8826
-5.72671	5.743
-4.05526	4.99777
-5.63463	5.39316
-5.71554	5.60297
-3.21816	4.17436
-1.23678	1.45764
-2.95886	4.75439
-5.024	5.47484
-5.70538	1.52958
-10.6618	-0.165613
-12.3235	-1.43991
-12.8272	-1.56654
-11.614	-2.43546
-13.2102	-1.14202
-13.3433	-0.0611169
-13.073	1.49741
-13.3946	5.39537
-8.56469	6.11344
-4.84507	4.07547
-1.09029	4.31579
-5.66708	7.17219
-5.23636	7.28838
-9.05112	-1.12127
-7.1828	-7.73694
-11.7553	-10.1686
-5.31646	-14.4976
-7.16556	-14.0088
-3.82509	-5.58523
-6.72002	-1.06203
-5.32908	-5.41319
-6.1259	1.85196
-6.24065	0.416686
-13.6039	-3.66324
-15.6153	-8.23211
-16.3353	-10.0928
-19.3472	-6.578
-20.8896	-4.6465
-19.1351	-5.50844
-16.954	-4.7137
-12.6954	0.549819
-7.19835	-0.329806
-6.19619	3.92163
-12.1938	-2.25565
-13.4976	-2.80928
-19.0413	-4.57813
-18.7708	-7.29633
-11.2409	-1.79524
-10.2427	0.851953
-13.8474	-2.05422
-17.7481	2.16898
-17.2504	3.1638
-15.1859	1.86614
-13.8526	4.05664
-6.41441	3.24071
-8.00634	4.39697
-9.40026	5.35482
-8.70981	3.82705
-10.3844	5.07296
-10.2104	4.69359
-8.3449	1.24626
-4.50915	-4.64012
-0.901481	-8.95274
1.13196	-10.5109
3.25676	-11.3936
3.2525	-11.3102
0.939609	-9.22014
-2.90197	-4.34414
-6.71895	-1.20436
-9.63141	-0.59411
-11.1552	0.40805
-13.0292	1.33388
-13.1119	0.0586965
-14.5318	1.2718
-13.1	9.48896
-9.00233	7.38914
-8.37166	6.94087
-9.08878	7.86087
-10.2244	9.2973
-9.79639	7.99746
-16.287	6.827
-21.19	1.51324
-22.9205	-1.80397
-23.9107	-1.84773
-23.6319	-3.13824
-23.9301	-2.64214
-23.3768	-2.79317
-22.7659	-3.837
-20.7818	-0.849864
-15.059	6.67749
-13.5353	9.21893
-12.3975	6.36053
-10.2845	4.49648
-6.55737	1.0405
-3.7172	3.80951
-2.89399	3.70079
-7.56335	5.22198
-10.7846	3.99274
-13.6176	-1.49548
-14.6311	0.243267
-11.2008	0.596081
-11.7685	12.6502
-10.6157	3.91443
-7.06199	4.31142
-12.813	3.21912
-4.93493	1.11868
-8.65496	3.18753
-6.57599	-2.91411
-4.12545	-4.42255
-3.59023	-5.46924
-4.56124	-5.31244
-4.89945	-4.21098
-6.45347	-2.63128
-3.43075	-0.780497
-6.57902	-2.17703
-4.61001	0.100146
-8.71044	-0.839419
-3.04701	-2.31683
-5.6839	-1.00944
-8.27831	0.699106
-9.63594	0.704165
-11.8181	4.22877
-11.3106	0.850495
-6.94254	7.75517
-7.974	0.775471
-20.5091	-6.06312
-20.2778	-9.90751
-22.1249	-10.5144
-23.0778	-9.2302
-24.6776	-6.66301
-23.5218	-7.24556
-22.1073	-7.36961
-16.925	-11.387
-13.0814	-9.2451
-10.05	-4.57816
-4.69259	-2.64301
-8.36768	-6.50681
-7.66225	-11.0287
-7.79309	-13.0242
-11.279	-15.1228
-8.26418	-15.8883
-9.36306	-11.8491
-7.10836	-17.624
-9.25619	-12.4074
-6.75425	-8.80686
-16.3665	-9.99854
-14.0127	-2.03348
-11.6114	-9.35195
-16.1611	-11.3513
-20.452	-12.9657
-24.6297	-8.756
-24.2493	-9.44611
-22.9393	-8.39885
-17.6963	-12.0677
-14.8458	-16.114
-11.8298	-17.3773
-9.00473	-18.0603
-4.64419	-10.174
-8.68752	-1.32441
-12.8314	-0.149013
-16.1171	-2.51924
-14.3031	-6.49955
-13.5852	-1.04385
-15.8727	-1.98022
-10.9058	2.42767
-7.9521	-4.39208
-8.72127	-13.1916
-9.49419	-10.6451
-11.0309	-7.88238
-11.0091	-6.48051
-10.7028	-2.98263
-10.3387	-2.27199
-9.56373	-2.30105
-8.68279	-0.171539
-9.77206	-0.0350612
-8.52372	-0.509637
-7.80789	1.19756
-5.42255	0.100143
-6.85268	-0.286632
-5.42088	-0.934952
-9.21189	-3.59604
-8.1057	-4.16773
-8.61666	-4.25823
-9.99949	-2.33744
-6.99482	-1.63135
-5.73377	-1.76066
-9.9396	0.860768
-12.6376	1.89092
-13.5828	1.84424
-13.9432	1.10426
-13.8115	0.438327
-14.2114	-0.0630564
-14.766	-0.909559
-13.9499	0.0127867
-8.5936	-8.14461
-7.86481	-5.12413
-10.3174	-1.93722
-7.50733	-6.39088
-9.55803	-5.18272
-11.7992	-3.19568
-11.3368	-0.30659
-11.439	2.3531
-5.72524	0.894209
-6.178	2.41138
-5.93843	3.76112
-6.46505	2.12146
-8.06583	-0.529509
-6.84624	-3.07274
-8.42958	-4.84244
-8.42707	-7.25835
-11.1404	-11.5819
-7.51439	-5.67475
-5.58734	-8.65017
-9.7076	-7.97279
-7.32072	-7.33788
-7.88933	-8.62681
-8.76116	-7.26124
-13.9749	2.52522
-15.7359	3.4044
-16.5095	0.0250159
-16.8649	-1.62288
-14.5335	3.43325
-15.1141	2.03974
-15.1541	-3.93949
-17.3189	-4.4344
-15.9722	-3.21103
-18.2603	-2.94477
-16.5245	-7.38038
-19.6402	-7.09197
-12.2159	-6.4166
-16.2486	-12.9857
-17.4441	-13.7774
-16.3745	-15.1758
-18.531	-10.5299
-13.5641	-3.6678
-8.852	5.42038
-10.1709	6.65986
-10.3616	7.5816
-10.2817	9.25971
-11.5245	8.41178
-17.9615	-0.646262
-25.15	-1.48498
-26.7911	0.645703
-24.6171	-1.99908
-25.961	-0.669846
-27.6421	1.32561
-27.0268	0.100421
-24.8246	-1.35674
-23.7617	-2.4674
-23.0936	-2.07627
-22.5102	-1.42277
-18.9801	-2.60813
-17.293	-2.60468
-14.9357	-4.18431
-12.6848	-1.78745
-6.45247	3.46089
-5.25327	-0.219384
-6.14066	-1.52377
-6.92492	4.0288
-8.38881	4.54577
-3.71791	-0.0904504
-9.41616	-1.49191
-13.3142	3.52913
-18.6804	-5.86829
-17.069	-7.23635
-15.9135	-12.5772
-15.9184	-12.7093
-20.5253	-10.8625
-21.0887	-8.38736
-22.2248	-9.05645
-21.6856	-8.84458
-20.3495	-10.7247
-19.7613	-9.34163
-17.7158	-7.65976
-14.6242	-4.82735
-10.6821	-3.68215
-7.73495	-2.62913
-6.25239	-1.64765
-10.9693	-0.348231
-9.09889	3.11974
-8.7844	4.14087
-9.295	2.56046
-4.51786	1.13459
-4.43354	1.44852
-3.50872	0.849275
-1.969	1.72629
-4.40971	4.50606
-3.94061	-6.87276
-6.64364	-9.95032
-8.7678	-8.50552
-8.5618	-5.29762
-4.81568	-6.46028
-6.47433	-9.95435
-2.79773	-2.50201
-5.08147	0.0705263
-3.68965	2.54975
-9.87752	0.852079
-12.1852	3.22295
-12.2262	2.83355
-16.3057	3.53152
-7.94067	4.88125
-4.90306	3.65741
-1.68005	-0.0813651
-2.67794	1.68158
-4.36642	1.11115
-7.27756	0.955976
-6.96867	3.64798
3.62337	1.18492
-8.27841	1.74383
-14.6531	-0.381494
-16.4207	-2.86805
-20.2392	-4.19449
-20.1652	-5.85085
-22.1625	-6.08523
-22.9539	-6.29875
-21.94	-6.81873
-21.0146	-6.95869
-23.0019	-5.84526
-22.3719	-7.32304
-18.0881	-11.5834
-14.5642	-11.5301
-11.1422	-8.89598
-9.15993	-1.62829
-8.85377	1.78951
-10.3564	2.65544
-16.9789	-4.61557
-14.5252	-3.86
-19.0182	-5.88503
-19.4377	-6.80499
-17.0248	-9.49117
-16.1809	-1.96214
-22.0824	-9.85677
-22.0762	-11.3712
-22.8991	-7.2944
-22.9228	-5.95213
-16.5853	-4.69422
-14.1038	-2.90811
-12.9334	-5.2034
-11.0818	-6.22508
-8.72445	2.54502
-13.9131	0.403594
-16.9283	-1.86532
-18.4632	-8.62022
-17.2813	-5.40751
-18.4287	-5.32012
-19.1946	-6.98827
-15.5371	-1.83244
-21.8171	-1.37125
-22.792	-4.01423
-22.0482	-4.99387
-21.1745	-5.87532
-18.7861	2.85595
-15.4192	8.61763
-15.0175	9.91433
-14.4368	8.51206
-15.6723	7.12348
-18.2586	1.50693
-20.2519	-4.33587
-22.7464	-9.97716
-24.5788	-8.4563
-24.669	-7.11513
-24.9578	-5.76475
-24.4031	-5.49211
-24.2553	-4.63766
-24.2433	-2.82369
-21.1871	-2.34192
-13.5058	5.03644
-12.6075	-0.510482
-15.755	-0.0729288
-17.569	2.0427
-22.7004	-4.05123
-21.3449	-4.77225
-18.2335	-4.74098
-11.6021	-10.1315
-3.16823	0.472082
-1.49897	-4.1109
1.9686	-1.84898
3.63811	-2.73609
2.80776	-0.0943662
2.47782	5.95599
1.5221	5.20415
-2.50333	5.56031
-0.483798	1.79245
-2.89702	1.11517
-5.33564	5.8479
-1.30688	5.30972
-2.67287	4.82664
-1.76147	5.26247
-1.43354	6.04719
-1.48432	5.12921
-3.35469	6.88903
-11.9368	1.8996
-13.2188	1.09277
-16.3203	0.495169
-21.5274	1.14334
-20.6055	-1.6506
-21.079	-3.49721
-22.1547	-4.30826
-20.0634	-6.84636
-14.9814	-5.92924
-11.0108	1.17787
-7.44624	6.78948
-14.7052	3.73633
-16.4509	-2.98637
-14.0484	-3.26386
-17.2922	-2.51134
-14.8212	-6.22988
-16.6158	-8.22979
-18.0757	-6.53441
-18.4353	1.10845
-18.3991	2.81787
-17.1809	-5.58159
-10.6697	-1.24342
-13.0056	-8.41332
-13.1736	-7.88418
-8.70416	-1.32629
-8.05618	5.4875
-6.95005	7.25518
-8.62132	8.07738
-8.74013	7.61327
-9.14253	7.61826
-7.83543	7.30175
-8.08542	8.6337
-9.32012	7.79867
-9.22898	8.40376
-9.20758	8.16605
-8.11844	8.50522
-8.08063	9.65661
-8.45717	6.37974
-17.3641	-2.96163
-18.8596	-5.03779
-20.8271	-4.90805
-23.1622	-3.23538
-24.5179	-2.38127
-23.6311	-2.05788
-20.1123	-6.0719
-18.2665	-5.94657
-15.3295	-6.74372
-10.6144	-3.14611
-12.3317	-1.66491
-15.3648	-0.911057
-16.213	-3.31209
-16.2424	-6.12535
-15.6489	-8.10495
-16.456	-8.35389
-17.4303	-6.44171
-16.8688	-7.94459
-13.1355	-10.3364
-8.37331	-7.46931
-3.64648	-5.81292
-3.34358	-4.58421
-2.98654	-10.0977
-5.70137	-16.4329
-5.26983	-8.08023
-8.63371	-9.89709
-12.9116	-11.8423
-10.8111	-16.2067
-10.6646	-10.9044
-14.8431	-2.53813
-14.7924	-6.88788
-16.4965	-14.3188
-17.4101	-12.5827
-19.597	-11.6631
-22.4626	-9.38672
-22.1513	-10.6547
-20.2184	-11.2305
-8.01778	-6.04478
-5.51947	5.09061
-9.31421	5.77912
-8.61039	5.73747
-8.89289	-5.61336
-5.77616	-8.62057
-15.5576	-7.8684
-21.6551	-7.5041
-22.2993	-7.85753
-22.6937	-7.06121
-23.0367	-5.99708
-24.5956	-3.86823
-26.5482	-0.187391
-25.9479	1.28418
-25.2479	1.94179
-24.318	2.57242
-24.141	3.14376
-24.1441	5.54218
-22.8113	6.4361
-19.4041	2.37415
-18.413	5.38341
-10.2769	2.35456
-15.2544	5.81443
-7.99442	4.37225
-12.468	6.33375
-10.8488	1.395
-10.5965	3.09651
-7.88152	2.44521
-5.47373	0.300776
-8.24353	1.47823
-6.29961	0.842535
-3.3423	8.6219
-8.33702	8.9845
-11.331	9.94304
-10.9073	3.89548
-9.21831	3.68131
-24.1561	0.498882
-19.1184	-0.578193
-15.622	5.45018
-16.5837	1.38767
-15.8443	-0.762198
-15.9953	0.613085
-17.8666	-1.38089
-14.9568	-1.90514
-14.9703	-0.21926
-16.7703	1.26301
-15.9115	1.18203
-16.9641	-4.71663
-18.4952	1.3995
-13.0183	0.399887
-15.0352	-2.35376
-11.4025	3.72377
-13.3518	1.64472
-15.1822	4.45101
-15.9308	2.40357
-13.9963	1.18724
-10.0568	4.90432
-6.53214	-7.60914
-10.78	-10.3149
-11.4099	-8.49098
-9.61773	-7.44252
-8.82274	-6.76709
-9.8666	-1.19661
-6.05501	-1.25623
-6.45051	-1.14329
-6.61954	-0.194364
-6.5125	0.948388
-6.68324	1.34239
-6.26053	0.597229
-7.19395	0.436567
-6.66829	0.118676
-5.5814	0.148041
-7.30128	-0.910367
-11.4112	-4.03343
-13.0719	-7.63712
-14.1665	-9.42786
-13.5571	-10.5728
-13.2219	-7.82883
-6.29345	-7.43947
0.828966	-0.845872
-0.156399	2.98567
-6.70712	-5.59048
-6.74307	-8.54011
-7.987	-3.19079
-13.2113	-8.79641
-13.6772	-10.1784
-13.6833	-8.16149
-12.3123	-7.24953
-14.8712	-6.3344
-14.0158	-0.245074
-24.1701	-2.28297
-24.3845	-6.72975
-24.1165	-3.33022
-21.8891	-3.38199
-18.5459	-4.34009
-15.2997	-4.94865
-9.78734	-6.62316
-2.97224	-7.39346
0.610893	-8.5183
3.8637	-7.66197
-7.58003	-2.19922
-9.63566	-1.66004
-6.58987	-2.87598
-7.7537	-1.18936
-2.98451	-0.995161
-3.1397	1.8064
-3.33443	3.54601
-0.271557	2.75145
-3.45189	3.24511
-10.004	2.11894
-10.352	2.67439
-17.8569	-1.31553
-22.1446	-3.1634
-24.3597	-3.57852
-24.2664	-2.46216
-21.8242	-3.21362
-21.5019	-4.96516
-20.9719	-7.63105
-20.9416	-7.97584
-22.588	-6.3459
-21.7794	-5.88983
-21.8573	-4.88953
-20.9896	-2.34248
-17.4838	-1.82723
-14.3758	-2.05424
-15.7509	0.199096
-12.513	0.68508
-14.3404	1.26567
-19.692	-7.64437
-22.9171	-19.2751
-20.0837	-9.18871
-16.0792	-5.44783
-16.5114	0.80546
-14.5881	-2.83821
-7.24892	-6.51721
-14.1471	-4.91538
-17.2372	-0.691468
-15.9189	-0.198917
-16.0938	-2.07743
-15.6969	-4.68201
-15.0557	-4.90671
-14.1532	-6.52916
-14.3009	-7.16797
-15.1239	-5.61193
-15.5303	-3.33535
-9.00848	1.45866
-8.14086	4.58898
-7.11095	4.056
-8.78928	6.67143
-9.67571	8.97158
-11.4176	10.0403
-10.9353	7.42894
-13.133	-4.52079
-23.0727	0.297941
-22.2267	-1.14451
-22.6317	-0.57988
-22.2944	-0.2245
-20.1798	-1.55116
-19.2518	-0.941781
-9.85382	-1.87488
-3.94401	4.80938
-7.97594	-6.49053
-11.73	-10.9205
-10.1426	-11.5751
-8.25739	-6.10875
-6.61667	-6.3848
-6.78211	-6.32874
-2.3546	-5.55485
-6.63015	-7.61402
-10.7859	-4.37207
-4.63968	5.8386
-8.99069	0.919208
-14.573	-0.2079
-17.338	1.61192
-17.6063	-0.0960672
-18.962	-0.261993
-18.8857	-2.40161
-19.118	-3.29988
-19.5361	-4.51451
-19.9915	-5.36702
-22.2568	-4.30082
-23.5559	-3.2798
-24.8509	-3.11534
-24.3438	-4.81003
-24.6477	-6.10268
-23.971	-9.06628
-22.1968	-10.2361
-20.2687	-7.93693
-10.929	-0.359205
-9.02082	4.36347
-14.3597	2.60135
-15.5228	-4.93019
-11.6872	-6.22814
-13.7255	-2.54561
-17.0254	-6.02539
-15.0263	-7.99416
-16.4844	-4.16875
-13.9242	-2.82186
-12.948	-5.59704
-13.0517	-2.79986
-9.18925	-2.70739
-5.13235	-2.11386
-2.6613	4.94418
1.43071	3.61705
4.25582	-1.10944
5.00848	2.45648
6.43379	8.44387
6.61839	1.26808
7.1459	5.23174
7.64132	0.474987
8.48706	-0.0191163
5.12816	-2.12238
6.07993	-2.95713
2.65126	-4.94231
0.765883	-4.80392
-1.12154	-3.35735
-3.81857	-4.87187
-6.55905	-5.70111
-10.8804	-2.4184
-12.4306	-1.85748
-12.4001	-1.20657
-11.1445	-0.693497
-11.912	0.850311
-9.23906	0.277028
-10.7675	1.65099
-9.50134	3.81397
-7.18689	5.7971
-9.94486	7.36494
-7.56524	13.4232
-10.7758	7.20207
-12.1023	6.88141
-13.7986	2.81521
-17.0793	2.36494
-16.3593	1.2558
-15.001	2.82289
-16.1475	1.17487
-15.8655	0.386541
-14.5808	-2.52049
-13.6482	2.99055
-14.8783	0.94623
-13.8834	3.5421
-15.3221	0.249804
-15.5605	-1.19081
-17.8673	1.31609
-14.9383	1.49418
-15.6411	1.70539
-14.411	2.2215
-17.0666	0.298127
-15.3249	3.29993
-17.3544	0.332919
-16.2809	0.509769
-17.1388	0.473461
-14.8452	4.06349
-8.88284	-1.1804
-11.825	-3.88046
-8.6521	-0.499511
-4.60609	7.43853
-5.69926	2.07811
-11.4233	-3.44705
-7.14971	-2.10969
-4.85339	-3.0702
-2.88387	-1.0991
-0.789296	-2.31394
0.442951	2.31911
-0.247588	-2.47603
-4.83447	-8.49353
-7.45039	-9.93175
-6.7713	-7.21875
-9.38273	-9.70513
-7.86947	-5.10286
-6.75753	1.05511
-6.78803	-0.966117
-7.91899	-2.95511
-10.0131	-3.47165
-10.1259	-2.24198
-9.57037	-1.85416
-10.2769	1.81735
-8.98094	2.76237
-7.12701	2.54707
-5.91087	2.66225
-7.79562	-1.27225
-7.66518	-1.05814
-8.87023	-0.706542
-7.60684	-2.35586
-7.62076	-0.498046
-5.54813	-3.21305
-5.11204	-2.51563
-5.66219	0.374454
-3.06984	-1.22597
-1.97607	1.16991
-1.70816	1.94987
0.232675	6.03086
-5.12941	8.15584
-8.65505	7.28186
-11.563	4.14397
-13.8005	0.52343
-15.6294	-2.48749
-17.4741	-5.08079
-17.8322	-7.1378
-18.3837	-9.06517
-18.3553	-9.14135
-17.3195	-9.94479
-17.6913	-8.01014
-15.0193	-6.31437
-12.5652	-2.56675
-8.30421	2.2829
-10.5621	1.74877
-13.5466	2.61763
-10.3672	1.18928
-5.92159	-1.09312
-12.0685	-2.74479
-11.623	-5.55421
-12.333	-4.46899
-11.9661	-3.82484
-11.5628	-3.25805
-11.5624	-3.46339
-11.8159	-1.85893
-11.1746	-0.605902
-11.3974	1.93482
-9.76851	-0.0411634
-8.10923	-1.15504
-6.01029	-3.47366
-6.67027	-1.62904
-4.8239	-1.01627
-4.40258	-1.32246
-3.46402	1.05735
-7.30054	7.63339
-11.4029	3.453
-15.5723	-0.811292
-10.8013	2.55022
-2.63343	1.64414
-8.75315	4.89287
-8.58829	-0.229083
-10.0154	-3.83589
-14.3293	-1.01993
-15.6191	0.66687
-12.9972	2.61322
-7.29282	2.7078
-9.4375	4.41055
-10.5406	5.99474
-11.1751	7.09888
-11.8136	8.41606
-11.6571	8.09807
-11.9717	9.10989
-15.1767	8.73939
-20.7967	4.23985
-20.9783	0.706873
-20.0382	0.195936
-18.3602	0.467757
-15.9441	0.175058
-12.6326	-0.700887
-9.01215	-3.37532
-6.83173	-3.43549
-4.00436	-4.4033
0.266748	-5.4423
0.909751	-2.13081
4.80901	-2.22021
5.43199	-2.0589
4.58893	-3.18654
5.11153	-3.70333
5.0444	-5.20931
3.53826	-4.49176
2.37429	-4.71444
0.849859	-5.02884
-4.04446	-3.87962
-9.65769	-2.36808
-13.062	-2.31007
-15.3036	-1.68245
-18.0067	-0.754301
-19.6893	-0.2445
-22.3614	-0.469317
-19.835	4.86592
-11.9263	9.23831
-9.83716	6.41758
-7.84331	3.8893
-7.28285	5.01337
-4.24917	3.95453
-4.24708	8.84828
-2.61567	2.76331
-0.934442	8.37197
-3.8579	6.15572
-7.20034	7.01903
-8.80632	5.63273
-12.6213	6.07698
-14.3557	3.46928
-16.4023	-2.13058
-17.3827	-1.2396
-14.1597	-0.142428
-8.93349	3.37801
-22.3918	-5.94611
-24.2843	-9.56793
-24.6568	-5.98466
-26.9625	-4.25647
-24.3391	-6.33193
-24.3583	-5.70919
-24.3583	-3.94512
-22.4649	-3.17654
-12.1829	-0.237261
-21.2051	-5.23885
-23.004	-7.23096
-17.9367	-3.65359
-16.4399	-3.84353
-16.8045	-4.89475
-10.1014	-5.48035
-7.0586	-15.9568
-5.4957	-13.3425
-8.43961	-13.8505
-10.1126	-9.53198
-4.88461	-4.73372
-4.72545	-7.01323
-14.5943	-6.22043
-11.0008	-3.77299
-8.87201	2.22148
-13.7931	1.60143
-16.691	2.89844
-13.5854	0.447213
-14.8767	2.90453
-8.68927	0.63102
-9.58662	-11.2867
-8.63293	-14.3365
-8.9142	-12.2819
-7.40486	-10.2646
-4.37517	-10.698
0.251933	-5.13908
3.59986	-4.13325
-2.35914	-5.58351
-4.43627	-8.43691
-6.73514	-13.3901
-3.06087	-12.7005
-5.08096	-15.6122
-4.5179	-10.8396
-9.81263	-14.2554
-9.47056	-15.186
-8.09557	-6.56403
0.13563	3.95875
0.326726	2.02625
0.386162	-1.33588
-0.791187	-1.50786
-0.189293	-2.67222
-0.838231	-1.1113
-5.56484	2.28416
-7.16304	3.47904
-8.68168	5.71743
-11.5104	8.08476
-5.27697	3.17815
-5.7579	4.57253
-5.67617	4.8065
-4.9197	1.30695
-4.8311	3.44812
-2.47376	4.62408
-2.49085	6.59586
-1.67947	8.48377
-6.27471	3.67405
-8.25681	3.83613
-14.9472	7.57528
-13.6875	4.80103
-13.9688	4.54116
-12.4213	2.26442
-9.08014	1.24062
-7.96789	0.542981
-6.03396	-2.05531
-11.3266	-6.32999
-15.8402	-1.50958
-22.5489	-7.45216
-14.197	-5.61427
-18.4873	-7.5512
-16.738	-2.7486
-15.3599	-1.94637
-14.7173	-0.655771
-15.3955	-4.61709
-11.832	-6.06596
-13.211	-5.11593
-9.19757	2.95868
-9.15611	1.80234
-7.34391	5.07762
-6.29988	-1.39622
-12.5996	-7.19734
-9.09641	-7.9057
-10.1208	-9.60154
-5.89639	-4.62269
-3.07619	-12.4573
-5.33038	-12.3695
-8.80817	-11.9463
-4.69302	-12.0926
-4.98741	-12.2031
-6.61663	-16.7266
-9.44673	-14.1803
-8.107	-15.3037
-8.00821	-15.5858
-8.02992	-10.8803
-13.2771	-13.7287
-8.78573	-10.5759
-10.6088	-1.75665
-14.773	-5.28403
-15.1306	0.809592
-12.8493	3.35906
-12.3934	2.86499
-14.034	-0.0692156
-14.5677	2.78886
-13.7887	3.21506
-10.3448	4.31785
-13.8192	-0.26056
-15.7999	-1.18963
-13.2961	1.73192
-14.4458	1.59448
-14.3828	0.586529
-18.7847	4.44192
-18.4075	1.36435
-19.448	0.233816
-15.9102	1.88339
-18.6481	3.66593
-16.8313	2.01347
-16.1422	4.87965
-18.7555	6.44617
-17.4632	-1.67894
-18.547	2.13916
-19.844	-2.35343
-15.7555	1.25945
-16.2215	4.04942
-16.3022	-4.42224
-19.5763	4.49662
-18.1737	1.46399
-18.3816	-12.5794
-15.6817	-3.47181
-9.83109	-10.2566
-9.11678	-9.89423
-12.7301	-6.25851
-13.0117	-3.86301
-12.0213	4.41433
7.57155	-11.5991
9.65168	-11.9635
8.33341	-9.20322
10.2264	-12.0929
8.24932	-7.19269
8.12381	-8.35127
8.67126	-7.48579
9.0358	-4.58756
10.12	-2.08357
9.34401	-6.1565
0.862342	7.26458
-4.16976	4.536
-11.1001	4.23605
-10.8408	2.42234
-8.97796	5.91378
-10.8224	-0.0178175
-11.3982	-7.84189
-6.44417	-8.82565
4.1883	-4.58795
2.54259	-3.65479
-2.85987	-3.81792
-5.31701	-5.29901
-8.50634	-4.97322
-11.3136	-4.02719
-12.844	-1.07141
-12.5816	-1.647
-11.7735	-1.47283
-9.26269	-3.3231
-5.98189	-4.23519
-2.35834	-8.10579
0.57535	-13.5111
-0.141808	-14.1846
-4.94423	-4.97581
-8.61285	0.0924611
-8.91946	-1.24644
-5.71719	-3.83827
-6.31429	-2.04762
-3.50442	-3.75737
1.32614	-5.05427
2.50051	-7.1271
-2.87288	-4.90351
-8.46683	-2.68781
-10.3061	1.53196
-10.4135	2.43105
-13.9149	0.837771
-15.1009	-2.79385
-16.2184	-4.17437
-16.7433	-5.6331
-14.84	-8.74201
-13.3429	-8.07169
-11.2738	-4.06656
-8.83973	0.0866813
-4.94343	-2.01445
-5.65565	-0.642478
-12.3131	-3.64518
-13.7518	-8.60317
-10.7037	-5.85325
-13.8147	-8.57773
-14.6411	-7.85561
-15.3109	-4.10991
-15.048	2.0671
-17.6817	-0.975982
-20.5246	-6.14973
-22.2079	-7.9509
-25.0559	-4.73405
-24.8838	-3.96154
-23.9595	-2.07337
-20.1004	-2.049
-13.2059	2.82963
-8.31402	0.626909
-7.07462	4.75295
-6.34742	3.71121
-6.11401	3.2178
-9.66842	6.49195
-10.6606	7.73878
-11.2808	7.44915
-10.1411	7.35994
-12.6712	10.8681
-12.9273	11.8423
-13.2279	10.4207
-10.6975	5.83567
-13.6203	1.18797
-11.2429	1.5929
-8.30259	0.929588
-6.00484	-1.10301
-4.88204	-1.66788
-6.52354	1.76377
-8.05574	1.50848
-8.22748	3.27116
-6.44613	0.675135
-6.63074	0.923778
-4.3207	-0.748426
-3.02882	2.66173
0.726582	-5.69601
3.61619	-3.27244
1.50222	-3.82333
-0.381163	-2.81569
-6.9699	0.630574
-5.59853	1.37098
-3.27002	8.59797
-0.787392	1.07204
-13.7874	-2.37084
-16.4266	-6.58576
-19.4753	-7.71568
-21.4376	-6.62736
-20.8886	-7.05776
-20.1192	-5.90149
-18.6534	-7.84268
-18.2024	-8.35079
-18.5326	-7.71825
-19.8002	-6.83233
-21.0418	-5.70835
-21.9119	-4.58674
-22.5328	-5.00108
-23.8305	-4.53667
-26.3537	-1.94642
-25.3266	-0.715662
-19.3252	-5.52981
-9.49366	-9.28213
-2.03114	-8.71292
1.73111	-4.66178
-3.40819	-8.14169
-7.23187	-13.2954
-8.7139	-14.3794
-12.4837	-5.77408
-10.3017	-3.12037
-7.96462	-0.898508
-8.76066	-2.48451
-15.7822	-2.46191
-17.5279	3.54794
-16.9667	-4.6794
-21.2613	-7.46104
-26.6466	-2.4391
-24.177	-4.55271
-20.9389	-1.76843
-15.6469	8.16154
-16.4747	9.15683
-15.6102	8.49814
-14.9792	8.68749
-12.72	9.88338
-10.485	8.80873
-8.04741	4.63868
-5.65691	3.02563
-5.50982	4.72046
-5.67761	6.28512
-7.13865	9.06192
-13.5458	3.42517
-11.3958	-1.28738
-16.7036	-5.23372
-14.8092	-8.83287
-9.88078	-4.93597
-10.7739	7.02395
-11.0955	-2.38714
-3.03402	-0.349238
-9.92018	-1.00805
-10.2507	-2.87793
-12.5271	-3.79306
-14.1329	-1.46474
-14.6538	0.0323616
-14.2876	0.666493
-12.6487	0.833564
-12.1627	0.0172648
-12.9134	0.778528
-12.94	1.37584
-12.5218	0.664094
-13.3643	2.46661
-13.1361	6.27496
-8.93133	3.96772
-7.57771	3.22458
-10.3672	5.84814
-8.27885	3.05132
-10.1122	5.92313
-10.0805	5.32054
-9.02404	1.85808
-2.56408	-3.9845
2.40619	-9.32023
3.15255	-10.6414
2.13796	-6.6843
2.05455	-6.88853
2.39163	-9.63446
3.80605	-7.10765
-0.63	-3.12536
-1.79254	-3.4362
-1.96081	-4.48106
-1.62004	-5.59437
-3.98103	-10.2404
-3.78639	-9.64149
-4.894	-14.4319
-4.83454	-11.2529
-4.60987	-6.18183
-5.10165	-7.61039
-7.03585	-4.37809
-6.61736	-1.21979
-5.26618	-7.84071
-7.63229	-8.55853
-7.52174	-10.7322
-5.87891	-7.43415
-6.61221	-1.91895
-6.12516	-4.44364
-5.96094	1.67225
-10.2198	-2.95666
-12.7776	1.83777
-13.4591	-7.84344
-14.3751	-0.900193
-14.0604	-2.66901
-14.2047	4.10117
-14.9091	2.24431
-15.9673	0.776322
-10.7167	1.4049
-9.54094	-0.0390018
-15.0808	3.75091
-16.7313	2.70603
-14.1163	-1.62276
-14.4303	2.16347
-14.254	-3.07655
-17.0633	-0.360953
-15.3791	1.54758
-17.2859	-1.25992
-20.1129	3.83035
-17.1613	2.71764
-15.7897	5.18076
-12.6141	1.96073
-11.7869	-4.72818
-10.8169	-4.13211
-10.3856	-9.36628
-9.75039	-4.1981
-9.32991	-7.2367
-12.5354	-11.6475
-9.11508	-10.339
-3.94486	-4.09292
2.58595	1.83176
1.89632	3.25786
0.0398005	3.89097
2.09898	3.07675
4.84772	3.72218
3.23627	4.80945
6.18268	3.39547
4.69358	1.54282
4.97713	-1.24531
-1.13247	-2.00039
-2.98704	-2.85206
-7.03103	-9.48623
-8.17331	-8.66428
-8.62772	-10.0333
-12.8493	-13.2699
-12.1715	-4.84006
-18.0318	-3.7312
-14.0675	-7.14823
-8.89861	6.96735
-14.6035	-0.966555
-20.9132	-0.77106
-22.667	-0.730583
-22.9282	-0.372281
-22.5253	-2.25667
-23.9045	-2.17151
-23.6631	-2.29547
-23.8096	-1.86026
-24.2681	0.0819995
-23.6865	0.322092
-23.6247	0.77891
-23.6195	1.55858
-21.3441	2.53436
-20.404	1.46476
-18.3078	1.06089
-14.9659	-0.00427925
-13.115	0.543124
-12.7896	2.98978
-11.8512	2.20397
-10.6944	0.75969
-9.51254	-2.26869
-10.1818	0.631425
-11.2739	-1.04211
-9.55406	-1.25015
-9.42038	-2.13366
-6.39274	-1.18772
-6.16468	2.35332
-6.11225	6.6882
-10.7992	-11.7127
-6.52857	-6.92393
0.249385	-8.13848
-5.07168	-11.716
-5.08025	-16.4634
-6.11385	-13.4273
-8.78161	-15.1126
-5.3573	-12.4137
-10.7858	-4.56752
-12.3862	-1.92366
-11.2101	-2.96929
-13.5309	-3.08185
-14.3292	2.34324
-16.4181	-2.96163
-13.6098	1.87592
-13.5704	1.5687
-15.252	5.7889
-15.421	2.26081
-14.2258	2.80607
-19.5167	-3.77661
-12.2972	4.9953
-11.4844	5.12
-10.5092	-5.00498
-13.7003	-8.09149
-12.4591	-5.99996
-12.4907	-6.51967
-12.4242	-5.62604
-13.3775	-1.59989
-11.5236	5.42125
-9.57816	4.24358
-10.1284	5.40258
-10.628	5.24853
-10.6837	5.59212
-10.1622	5.29704
-9.64338	7.9486
-8.81487	8.211
-10.5082	8.63968
-10.6815	10.574
-10.9213	7.91242
-12.7076	10.3038
-12.8985	12.0278
-11.362	11.1557
-15.319	4.0032
-14.8849	-0.0835289
-12.4351	-0.305139
-11.7587	-0.594848
-11.3858	-1.78508
-11.5312	-1.82766
-11.1636	-2.51953
-10.9345	-2.76828
-11.2961	-2.00898
-11.65	-2.04865
-12.3045	-2.49617
-13.9535	-1.78667
-13.9074	-0.781826
-15.9387	1.58077
-12.9028	-0.375289
-10.2117	-3.51226
-7.82666	-2.11178
-7.16343	0.166129
-4.53871	3.27832
-9.07173	-6.51936
-8.63385	-9.78345
-5.41597	-1.23869
-11.138	-8.70575
-8.85346	-2.17671
-10.1904	-7.06267
-15.2797	-11.2379
-13.9862	-9.60798
-12.2844	-6.22742
-9.67609	-8.43929
-11.3832	-11.0475
-16.6772	0.785808
-16.1999	3.54007
-17.1045	-2.64441
-16.3915	-0.111306
-13.4601	-1.59392
-16.2432	-3.06203
-15.1982	-2.19002
-19.0216	-1.74105
-15.0006	2.38968
-10.7411	1.20441
-4.34267	4.84925
-7.85447	7.5077
-3.8233	9.86026
1.68432	0.19362
-8.01949	2.37769
-11.3281	1.18228
-10.3803	-5.35579
-8.11393	-8.34104
-10.5967	-8.54812
-13.1898	-5.79372
-9.95341	-5.04134
-9.58568	-8.63246
-9.85507	-10.567
-6.98141	-14.0946
-8.55853	-11.7602
-7.4115	-9.52234
-7.58716	-3.50902
-4.29388	-0.951118
-1.85053	-0.0213277
-0.131637	-1.01673
2.19367	-0.966586
1.77797	1.67243
3.54821	6.26891
-0.728745	5.07234
-3.88911	3.56021
-5.63627	2.8462
-2.10242	5.24462
-4.21073	6.3571
-4.99422	6.28038
-6.29895	4.45116
-3.06231	5.90755
-3.84983	2.41923
-4.52613	4.27514
-11.166	-1.10461
-8.82147	-3.04136
-0.408931	1.47053
5.25486	0.0449358
5.23923	-0.66517
5.92814	-1.60805
7.70947	-3.54048
7.84666	-3.24225
7.2632	-2.12157
7.71361	-1.93231
7.97428	-3.45687
8.0572	-3.24708
6.53755	-3.95526
5.50999	-2.93904
2.37118	-3.41618
0.114263	-4.37643
-2.53487	-4.42664
-5.41086	-3.77167
-8.96103	-3.42097
-10.2212	-4.14348
-13.1401	-3.52074
-15.1696	-3.13444
-18.8738	-0.991424
-16.2585	-5.37947
-17.3548	-2.8481
-17.3104	-1.1152
-17.4526	3.10443
-15.8869	0.359118
-11.2425	1.69894
-11.021	4.50031
-8.08194	-4.08965
-11.2567	-5.30954
-9.60211	-5.11782
-14.306	-2.22939
-11.2978	-1.35435
-11.7886	-2.5875
-10.9912	-5.56763
-9.97052	-3.45922
-10.1739	-6.00167
-12.6311	-8.59753
-10.2689	-9.06086
-9.44867	-10.4707
-7.7736	-4.93998
-9.75674	-3.9283
-10.5189	-5.51644
-12.9249	-3.39492
-16.5643	-4.41705
-14.8551	-2.41921
-12.2293	-0.686939
-15.2682	-0.808943
-16.5726	2.1554
-14.0051	0.13306
-16.109	-1.83358
-13.0816	-0.558271
-14.445	0.547243
-15.166	-0.161022
-15.6366	6.05892
-15.3312	2.6459
-10.5407	-0.250611
-13.781	-1.57435
-13.8506	-1.72876
-9.30291	-1.32832
-11.5559	-5.79554
-10.7691	0.0981287
-3.82544	2.94389
-6.6788	1.28174
-8.92063	0.948115
-6.88306	-1.30356
-6.02226	-0.743627
-5.35112	-1.22718
-4.22926	-2.17508
-3.89256	-3.29183
-4.08431	-5.71059
-5.09429	-6.70195
-7.00099	-6.89877
-8.72328	-6.32327
-9.57951	-5.75088
-11.3407	-3.58957
-12.9013	-1.57329
-14.716	-0.436508
-15.302	-1.01786
-15.531	-0.0296782
-15.668	0.459061
-14.8169	-1.87874
-14.6577	-0.99525
-12.9489	-2.15565
-12.8765	-2.99592
-11.8037	-3.13419
-11.9616	-1.82502
-13.7627	-0.62174
-17.9571	1.66956
-19.8067	1.31062
-21.2	0.742629
-18.2244	1.45684
-20.5486	0.35501
-22.5056	-0.276928
-21.9723	-1.0748
-22.2132	-0.837279
-21.9337	-0.910275
-22.3474	-0.982463
-23.7652	0.66036
-23.7977	1.64611
-15.4246	7.03584
-12.164	2.45134
-11.0793	0.190878
-9.8463	-0.23896
-7.77465	-2.55146
-6.83851	-2.59079
-7.02096	3.25624
-4.54054	0.916336
-11.4531	-8.66294
-7.85951	-4.01331
-9.35557	-7.11807
-9.39369	-7.80472
-6.4053	-8.72335
-11.0648	-8.72215
-12.1829	-10.631
-15.0459	1.85574
-12.7335	3.22507
-13.0348	-0.706647
-22.5386	-4.84765
-24.8343	-6.40121
-23.5435	-5.83824
-24.9676	-6.22548
-24.2581	-6.44945
-23.3798	-7.31545
-22.7518	-7.44083
-22.0293	-8.94971
-21.2943	-10.2573
-19.4772	-7.95357
-14.0837	-0.432964
-13.8324	2.46155
-16.1868	0.0522429
-20.7696	-5.8298
-20.3331	-8.52329
-16.8059	-5.80953
-10.5811	-1.14078
-17.2489	-8.7624
-21.0396	-11.2888
-21.7865	-9.44947
-25.7616	-8.3599
-22.7357	-9.43207
-22.4152	-8.09405
-23.6707	-6.36722
-18.4679	-3.45653
-12.2399	2.57335
-9.19481	-0.0913045
-10.8817	-0.302786
-9.86762	1.46363
-4.83028	-5.18156
-3.11035	0.0829707
0.237195	-3.52835
5.91285	-5.48975
3.12952	-6.63195
0.59423	-6.95987
-4.01487	-2.55463
-9.75791	-0.48465
-12.6025	-1.19351
-13.1456	-3.26029
-13.4219	-4.80956
-14.4898	-2.23838
-15.9875	3.06176
-12.5695	4.40899
-13.5585	2.01858
-15.8551	-0.119594
-17.6759	-2.69617
-19.1219	-5.74101
-20.232	-6.98681
-24.4296	-3.71417
-23.2804	-5.66358
-23.2959	-4.84264
-19.9813	-3.59678
-8.15681	3.90475
-8.2123	3.95982
-7.92364	2.47671
-6.94155	4.01912
-3.3149	-1.40425
-3.84957	0.388531
-7.29439	2.85531
-9.2056	4.12388
-11.035	-5.46047
-16.2162	-9.1808
-18.4545	-7.41206
-13.2888	0.113202
-11.0891	-5.64032
-15.7597	-8.27242
-18.077	-9.65611
-17.6249	-9.90522
-17.3477	-10.2996
-15.0343	-9.90406
-10.1586	-3.67303
-3.7032	5.36126
-9.68938	4.16275
-12.7288	2.21807
-16.9964	-4.23512
-13.9349	-5.3332
-19.9391	-6.23989
-14.3215	-3.11754
-9.57334	3.63671
-16.8461	-8.88711
-22.9038	-8.9005
-23.8432	-8.58972
-23.3825	-9.59065
-21.2331	-9.26761
-20.367	-6.44957
-18.9517	-5.15721
-18.2749	-4.5879
-17.7098	-3.42001
-17.2756	-0.573804
-14.6834	-1.10632
-13.0239	2.48329
-12.2214	3.02984
-8.93649	2.62701
-7.58156	3.78052
-4.75663	3.68319
-6.26518	4.34531
-3.54363	-0.952281
-2.49784	-9.49331
0.734531	-0.937618
-0.88732	0.787351
-2.49612	0.713841
5.44125	-2.69146
6.41637	-1.82235
7.26909	-0.957373
5.77929	-0.656062
6.275	-3.28248
5.28546	-2.18907
5.8831	-3.02967
3.81219	-2.05198
3.00997	-2.21084
1.9384	-2.86019
-0.95845	-4.75859
-5.6713	-3.30705
-3.28764	-5.13501
-8.50133	-3.01437
-14.1412	-4.74469
-17.3528	-1.45734
-17.1112	-0.987662
-18.3437	1.45263
-19.9256	0.71276
-21.4994	-0.203026
-23.7411	-1.86091
-19.5154	3.3968
-19.3758	1.11429
-21.618	-0.455346
-19.7018	-6.2978
-24.2012	-2.17787
-21.9785	-4.98839
-17.4903	-0.322016
-19.0566	0.264915
-15.4908	3.09435
-17.567	0.476497
-16.42	4.36689
-18.7088	-1.33596
-16.7138	-2.45626
-15.5342	-3.63381
-17.8725	2.0619
-16.0731	1.23351
-18.5229	-1.27255
-15.3463	-1.3413
-12.4634	2.44204
-15.8973	2.1029
-16.8157	-1.81544
-17.9094	0.11001
-13.9903	1.78979
-13.6051	-6.4096
-14.4506	-0.298377
-15.7674	-1.79517
-15.5362	2.15907
-13.6503	-0.0677409
-16.4872	2.79588
-13.3961	0.388189
-9.38101	0.303987
-4.45701	-5.82474
-14.4691	-4.79744
-13.8061	-2.36123
-15.8425	-0.233285
-11.0582	-6.10344
-19.5694	-7.03071
-24.0243	-4.91815
-23.318	-7.34363
-23.1652	-8.49099
-23.1685	-8.81918
-22.2542	-7.667
-17.8964	-7.7468
-12.6525	-5.04403
-2.26504	-5.61812
-5.61375	-3.31889
-8.74905	-14.7653
-9.22092	-9.08903
-13.2243	-11.2007
-14.9708	-11.8744
-13.1841	-9.25982
-12.2907	-8.39753
-11.8938	-4.9746
-17.5314	-7.07892
-20.7855	-8.4887
-21.5125	-9.45594
-23.4946	-6.99851
-25.5923	-4.44411
-24.3401	-2.11903
-18.7747	-3.3326
-16.8665	-3.98297
-16.1362	-5.07924
-16.9328	-7.05232
-16.6112	-8.15285
-14.1757	-7.01534
-8.5624	2.41234
-7.27286	0.162869
-11.1743	-1.32277
-13.8294	-0.784678
-11.2008	-2.56044
-6.132	2.25826
-12.6413	2.82962
-16.9215	-1.90543
-19.056	-4.1429
-20.4216	-3.98654
-19.1404	-3.22907
-19.2823	-1.34872
-18.8723	-1.32074
-20.9237	0.86811
-21.2833	-0.870507
-22.6066	-2.16889
-20.0612	-6.03029
-23.4382	-2.69296
-24.5701	-3.09265
-25.0633	-3.70668
-25.4557	-3.71182
-28.0683	0.642013
-23.6035	-2.38472
-21.0078	-2.73958
-18.1521	-2.56467
-15.1823	-1.94723
-7.15445	-3.49203
-0.248055	-5.05493
-2.61602	0.542478
-4.21418	-5.62631
-5.55636	-3.16889
-11.7019	-4.33709
-14.5187	-4.00512
-11.6089	-3.922
-8.06188	3.57215
-9.41733	-3.5643
-14.0395	-6.73214
-11.6438	-9.39411
-12.8847	-8.75137
-16.4014	-4.53932
-16.2679	-1.11812
-10.0327	-5.37978
-5.51648	-5.83813
-7.54044	-7.24692
-5.77623	-6.76921
-6.83508	3.74115
-12.4286	3.31329
-9.89014	2.90026
-7.94996	2.55718
-13.5883	-1.27889
-17.5977	0.610875
-16.0674	-0.23804
-18.8427	-9.99352
-14.1403	1.1656
-10.3096	-0.786358
-16.4323	1.04806
-16.1638	-1.13626
-16.3444	-0.0578975
-15.9973	-0.482036
-14.8603	0.495158
-11.769	0.656118
-8.58142	0.0447217
-4.67437	2.88585
-3.95953	1.71942
-1.7373	8.20096
-0.565031	5.75108
-8.21718	-0.956827
-12.5129	-5.89358
-12.8358	-3.51967
-6.12186	-5.27091
-6.88633	-4.17425
-2.25473	-3.54238
-3.68623	-4.03164
-11.6668	0.817884
-12.4366	-4.70041
-13.2319	-6.01036
-15.5104	-7.471
-18.5552	-5.94276
-19.8858	-6.15042
-20.3987	-7.51025
-21.1592	-7.53806
-18.5298	-7.85221
-16.4065	-8.25658
-9.62029	0.515015
-6.49198	6.62092
-9.13958	-1.63798
-17.0829	-3.19582
-16.5278	-3.72755
-13.7423	-6.17776
-20.5924	-7.26275
-20.5426	-6.81715
-9.0027	-1.47891
-8.84484	-3.94565
-14.6047	4.51661
-14.2166	11.8413
-4.32348	4.26285
-13.839	8.63772
-15.3023	2.26803
-16.2022	0.259056
-14.4397	-2.26852
-15.6794	0.681853
-14.9647	0.814466
-14.7027	2.115
-16.2685	3.80953
-15.0868	3.73719
-15.1854	4.79357
-15.3564	3.98638
-16.5119	5.92305
-11.8766	8.16487
-11.8375	7.93134
-11.2863	5.04357
-10.7115	5.42922
-12.4838	5.04185
-13.1847	4.53162
-10.4955	4.85858
-4.7158	1.44213
0.0705434	-4.95592
1.43405	-6.89894
1.26668	-8.19427
1.00313	-12.4698
-0.357044	-6.96458
2.30447	-7.08531
2.53013	-5.03747
1.35106	-4.82252
-1.69196	-1.44646
-1.85554	4.87269
-3.22141	-2.68059
-2.96266	-2.23718
-6.28439	-11.2671
-5.63608	-10.3595
-6.45271	-9.0821
-7.12607	-14.1915
-4.39811	-17.3079
-6.38245	-8.99281
-8.59882	-11.9276
-9.251	-11.6661
-10.1429	-14.7724
-7.08469	-9.30567
-5.33174	-7.55306
-4.41764	-7.39193
-9.25262	-11.0637
-10.3179	-9.71326
-11.984	-9.5573
-10.8759	-6.25762
-9.64909	-6.35101
-15.2979	-5.50637
-17.4578	-4.10971
-11.7822	-0.374391
-16.0816	2.31568
-17.1484	-5.10928
-16.9292	-0.849453
-16.9413	-1.11191
-16.8021	3.71268
-14.9513	-3.99821
-21.4704	-0.772216
-21.2042	2.19148
-17.0587	5.54942
-13.0398	6.29859
-12.5056	7.57683
-11.3692	7.83864
-9.48496	4.88513
-7.25413	1.73158
-7.25311	-0.853431
-8.91309	-0.994459
-17.592	0.122895
-11.0875	2.03761
-25.2086	-4.84299
-18.5528	-10.7436
-14.9414	-11.8035
-22.8447	-7.61355
-24.8366	-4.86341
-25.315	-5.01757
-24.2416	-7.72618
-26.4679	-3.76887
-23.8305	-4.59474
-21.4912	-4.03021
-19.737	-1.35587
-13.3994	2.86477
-10.0253	8.03447
-9.68567	8.32871
-8.7193	7.34858
-9.47973	7.80454
-15.1043	2.17131
-18.9429	-2.10065
-20.2083	-7.08238
-21.7365	-6.54335
-20.2119	-9.13396
-19.7425	-10.4103
-17.8311	-11.9277
-16.7246	-13.5849
-16.4473	-15.8703
-15.5471	-17.1543
-14.1179	-18.1411
-13.5847	-17.7871
-13.331	-17.3022
-13.3331	-17.7796
-13.868	-16.7849
-14.1284	-13.8159
-13.2209	-13.0854
-14.4101	-11.1471
-14.7003	-11.8128
-16.1475	-11.156
-18.2026	-11.5878
-19.2201	-12.4695
-21.4929	-11.9015
-22.4169	-9.95271
-24.0796	-9.34869
-23.6896	-7.75948
-23.202	-6.81097
-22.8664	-6.86328
-23.4911	-1.16006
-12.9218	4.62385
-11.3277	6.60167
-9.36238	7.73616
-9.35235	6.6507
-8.04029	5.76802
-8.70625	4.84995
-6.57612	3.54107
-5.94681	3.30715
-4.53611	2.13406
-3.85996	2.9253
-4.89887	5.34644
-12.0679	2.58639
-12.2826	-3.20656
-18.3004	-0.848206
-17.8939	-6.34449
-3.39971	-8.44778
1.97603	-7.70096
5.45901	-9.4302
-13.3237	-7.75947
-20.2304	-6.0036
-22.4659	-4.96827
-22.3241	-6.58828
-24.6146	-4.11277
-25.3956	-1.89778
-24.2146	-3.24629
-22.1989	0.368312
-13.9276	7.41228
-13.4309	7.34796
-12.7903	8.97801
-13.1059	9.28873
-19.4092	6.73432
-24.4039	-3.19551
-27.2822	0.997913
-26.4494	2.87105
-22.2648	0.337032
-19.0123	-0.0693989
-15.0278	1.82447
-9.57818	1.80606
-8.40273	0.273826
-9.44197	1.46679
-7.86072	3.90239
-10.4008	2.94281
-14.8655	-0.138234
-17.5161	-2.40609
-8.47127	2.21422
-5.75134	3.37716
-11.1404	-0.221277
-14.309	-0.494666
-16.0067	4.65474
-15.6983	8.20429
-7.63418	6.98929
-4.84893	4.51335
-5.9204	6.20923
-5.02235	7.77813
-4.73872	4.09388
-3.34097	2.75422
-4.38059	0.322409
-2.58249	3.26734
-3.69967	5.80594
-1.92807	2.43792
-0.00479891	4.72155
-2.72667	-1.62865
-5.66863	-7.96974
8.80066	-3.65129
8.45253	-1.04005
5.4382	7.53598
-4.54264	1.88072
-12.3027	4.02345
-16.2109	1.86914
-18.2079	-0.537041
-13.6813	-8.435
-15.5739	-9.15918
-12.4729	-6.47774
-17.2901	-12.0711
-14.2903	-5.05125
-15.6149	-11.4127
-12.1284	-10.7658
-17.9003	-12.5182
-12.6092	-8.5587
-10.2753	-6.58353
-9.32977	-1.70887
-9.74201	0.872522
-10.5004	-0.00412627
-13.0774	-5.62283
-17.4316	-3.32884
-15.2832	-1.75417
-14.186	0.559774
-16.3761	0.727388
-16.8953	2.06296
-17.0011	-0.619999
-16.7172	2.16974
-24.5795	-10.2565
-22.2555	-7.02692
-18.3337	-7.26538
-17.2412	-3.6997
-16.1203	-6.26395
-15.7054	0.0073569
-16.0481	0.896895
-16.104	0.829606
-17.1317	1.40243
-17.6228	1.04885
-18.6259	-1.13375
-15.6839	-4.83599
-14.8572	3.85314
-10.9729	2.95925
-18.1746	0.338575
-17.0182	-1.68854
-15.5159	1.08187
-16.8816	0.671381
-15.0226	2.09882
-13.0143	3.74535
-16.6773	3.35981
-15.4389	-1.9569
-15.5508	1.00105
-11.7491	-1.41254
-10.07	4.71431
-11.5375	-1.61892
-15.1914	0.653568
-21.171	2.23605
-23.7855	1.18809
-24.8512	-0.6387
-25.2542	-2.62111
-24.1789	-5.93713
-23.2574	-7.77931
-21.5517	-9.72542
-18.5166	-12.4975
-17.2315	-14.1496
-15.1987	-14.6309
-13.796	-12.459
-11.2712	-13.7928
-10.6587	-11.4909
-9.97045	-10.8651
-9.60028	-7.60672
-7.70792	-7.18019
-6.89224	-5.97063
-7.15383	-5.87031
-7.1947	-2.68297
-6.80482	-0.727674
-6.76298	1.80922
-5.60747	3.25503
-3.05788	2.10728
-0.565089	0.0419384
1.5386	-1.16572
2.17927	-2.71933
1.74887	-3.2453
-0.100254	-3.25327
-1.52234	-2.34199
-3.78435	-0.310403
-8.48149	1.91114
-12.4701	5.54924
-14.9264	8.69446
-12.8459	8.24957
-11.8298	6.05928
-10.1509	1.29902
-14.1553	2.0644
-7.49567	3.07401
-7.95958	3.79682
-5.70956	-0.72602
-7.27052	1.99262
-10.469	5.25684
-10.652	3.93955
-15.9042	1.46756
-22.605	-1.68228
-22.495	-1.96368
-22.6466	-2.75759
-23.0597	-2.52505
-21.5244	-3.17382
-21.7777	-2.99118
-20.1576	-3.92607
-19.0071	-3.62561
-18.7957	-4.35689
-17.6563	-4.84379
-15.3642	-5.74375
-11.1571	-7.90755
-5.76786	-6.55424
-3.79004	-2.49224
1.55933	-3.66228
-1.94023	-7.79437
-3.48184	-14.7772
-0.702317	-11.1859
-3.45081	-11.3024
-9.88268	-12.6755
-10.5217	-11.5879
-4.89261	-7.05816
-12.872	-9.18629
-14.209	-5.27709
-9.18325	-2.50986
-13.1814	-1.86482
-10.3009	1.0496
-11.511	3.08728
-10.975	3.86767
-8.99246	2.34189
-9.72435	3.31282
-10.1088	4.29281
-7.62709	5.86731
-5.34275	1.25012
-3.55317	5.15081
-7.70193	2.65463
-9.62713	4.59349
-13.0366	-2.57126
-6.62564	3.78116
-21.4043	-5.58444
-18.5737	-14.2252
-19.9291	-13.3666
-19.2723	-12.7783
-17.9413	-11.2285
-12.516	-9.76699
-7.70589	-10.6213
-4.87294	-8.19028
-6.86341	-9.9838
-11.4229	-10.9236
-14.7282	-11.959
-14.0122	-7.63528
-12.3331	-1.92836
-12.8557	3.36665
-12.5749	2.83909
-16.2259	-2.1885
-22.798	-1.62043
-21.527	-4.79256
-21.0586	-1.62994
-16.5779	-0.199244
-12.4989	4.46857
-7.54996	6.82295
-8.85418	4.89581
-8.80908	4.5315
-11.1999	-1.32837
-18.4819	-1.27398
-16.6261	0.986898
-14.4889	-4.3685
-17.6806	-6.23618
-14.7473	5.36917
-9.5855	1.70144
-12.4525	-1.02434
-14.9713	1.6679
-14.0894	0.210133
-13.9461	2.66327
-12.6967	6.39208
-13.7001	6.84994
-12.4684	3.83211
-12.2822	3.06699
-10.8811	3.09202
-11.0984	3.65456
-10.7311	2.08313
-10.1532	1.50403
-6.41802	-3.35663
-2.42137	-6.14947
1.80449	-6.02291
0.745918	-1.72584
-4.87599	-7.45127
-1.66277	2.76911
-6.20605	-2.91746
-11.6407	-1.75635
-11.6033	-1.77628
-8.32323	4.00411
-2.63648	0.123893
-10.5454	0.135773
-13.8767	-1.10952
-17.7351	-1.26257
-19.1073	-3.10764
-19.5461	-4.76105
-19.8067	-6.51741
-19.8185	-8.14723
-17.4105	-10.0625
-16.145	-8.23939
-7.88044	-7.18839
-1.98169	-0.646989
-5.42398	0.319919
-4.57	-0.737889
-5.21838	-8.56863
-5.1837	-8.8636
-5.09537	-5.28548
-3.8446	-14.2723
-2.83236	-4.10274
-7.55848	-3.52655
-6.87558	-4.96992
-12.5065	4.32716
-12.0632	10.6469
-7.68023	-3.29393
-8.51045	-2.68921
-6.51434	-3.71242
-8.4193	-3.584
-8.98585	-4.35698
-12.113	-1.52406
-13.6081	1.17177
-16.4375	6.63896
-16.0331	5.6212
-19.4779	6.08969
-20.7892	5.07082
-22.3026	3.95613
-21.0425	0.833122
-21.6802	-0.291807
-22.639	-1.96962
-23.4308	-2.66781
-24.89	-2.62108
-26.0718	-2.44875
-26.1065	-3.54439
-25.0344	-4.82911
-26.6295	-3.59483
-21.4314	-6.73931
-18.2741	-7.00119
-12.592	-5.13618
-12.1116	-8.57735
-9.10507	-5.02427
-7.27495	-5.14916
-11.4414	-7.20212
-11.1657	-8.06418
-12.1616	-1.37823
-9.79129	-0.880963
-7.7425	-2.4801
-7.98127	4.27629
-9.66181	4.12866
-12.2329	3.6961
-10.9837	4.29196
-14.1814	1.46905
-18.146	6.62281
-15.3892	7.98759
-10.1739	-2.97988
-9.11613	-6.93021
-13.5029	-6.53025
-12.2908	-9.46265
-13.8256	-7.04218
-15.3132	-5.16191
-13.2215	-2.4383
-9.34742	7.41389
-9.6243	8.30716
-9.52688	7.5178
-5.8637	5.88803
-10.1631	5.04245
-19.5513	-0.980405
-23.617	-2.47344
-25.0855	-3.14386
-26.0849	-4.07887
-23.3741	-5.85961
-17.4543	-7.19768
-19.8769	-1.51119
-18.706	1.33963
-13.3843	1.26182
-10.6577	1.11806
-10.3016	1.87938
-8.95095	4.8497
-12.7403	2.36767
-13.4574	-1.92076
-12.6821	2.37846
-14.544	-1.86135
-13.8494	-9.49061
-14.3208	-12.0766
-16.9066	-9.99414
-19.8754	-8.99927
-19.7671	-10.875
-18.1982	-11.8075
-14.6476	-10.1103
-10.1575	-5.41623
0.466712	-7.21995
0.732485	-5.44279
-0.944781	-7.57696
-6.91965	-7.17403
-4.7215	-4.46598
-4.2339	-0.859722
-7.23668	-3.8925
-9.3554	-5.40685
-10.3912	-6.97265
-8.35615	-4.90238
-6.53559	2.65062
-5.34133	0.195626
-4.8567	2.35567
-5.53351	3.45693
-13.954	-2.31097
-15.2152	-9.65407
-19.5048	-9.83262
-20.2636	-10.2618
-21.3538	-9.21749
-21.1501	-8.66745
-21.021	-5.67213
-17.4673	-2.69418
-16.1924	-4.42296
-20.2794	-2.92299
-19.8422	-4.31023
-13.495	-2.12059
-9.94137	2.31019
-9.56515	0.0809968
-8.33109	2.96987
-9.85199	3.15064
-14.4049	1.1675
-11.3987	1.45778
-9.84307	4.53238
-4.98532	4.16398
-6.78112	-2.81588
-12.2478	-8.23358
-12.5212	-12.9892
-14.3792	-6.74567
-13.5472	-3.74144
-7.01514	-4.52048
-4.55831	3.46917
-5.65094	7.35646
-4.83126	5.84659
-12.2464	-0.651547
-16.257	-4.91778
-12.9972	-5.77131
-11.5745	-0.383842
-8.82239	5.20107
-16.0265	3.60428
-17.679	3.79276
-15.8658	2.20527
-17.3787	3.68676
-15.9187	2.66983
-15.9532	4.10559
-14.9556	4.89878
-13.1125	6.86795
-9.34864	4.62041
-7.08842	2.29214
-7.60888	3.06724
-6.19124	2.30211
-3.19494	2.27215
-2.66968	1.59547
-7.53876	0.0870325
-6.56123	-1.36908
-7.49203	-4.78104
-13.4262	-8.239
-11.4189	-3.57588
-5.18195	1.06256
-10.5432	-5.37545
-11.9807	-7.37066
-13.5227	-8.72819
-15.3114	-8.94173
-19.2937	-5.58243
-21.2168	-4.56771
-22.7279	-3.12988
-21.4082	-6.07049
-21.3172	-7.64612
-22.6057	-7.29127
-21.5162	-6.49651
-19.8137	-4.89888
-17.0611	-4.3792
-14.1326	-3.24483
-9.43797	-4.10639
-4.24191	-6.42354
-1.11067	-8.24695
-2.17358	-7.4683
-9.30736	5.37177
-9.65472	5.50789
-7.53639	3.23148
-7.80037	3.8193
-5.1287	3.45199
-1.05802	4.40941
-5.0198	1.06225
-8.62255	4.91149
-10.4551	0.882332
-15.3184	-8.24229
-17.282	-3.23367
-11.8568	1.38795
-18.6599	-1.41982
-19.5541	-5.02963
-20.6516	-5.38335
-22.6541	-3.87625
-23.8366	-1.25608
-21.5698	-0.458746
-13.3508	-2.09596
-16.2837	-0.454847
-19.4702	1.36102
-20.1355	-0.40133
-18.2691	-2.70531
-15.9589	-3.28862
-15.8789	-3.3823
-15.1908	-3.25913
-16.2201	-4.16193
-15.8066	-6.99502
-17.6137	-8.28017
-20.417	-7.93687
-21.8247	-8.08441
-22.488	-7.18555
-22.2343	-6.09367
-22.4063	-2.6353
-21.0421	-0.559669
-21.5496	3.15838
-15.3062	7.16843
-10.1069	6.47037
-10.8676	6.2488
-9.81267	5.33749
-10.2491	3.8754
-4.7711	-4.59313
-2.35588	-9.59014
1.39302	-12.8364
1.73267	-12.3106
2.75618	-12.8823
3.1587	-12.203
2.10745	-11.4931
-0.846919	-9.16298
-6.07597	-6.90537
-10.049	-4.35468
-15.4674	-2.198
-19.8175	-1.83106
-22.14	-3.50268
-25.0793	-2.81862
-25.5959	-0.716204
-20.5524	-1.02122
-19.3304	-1.75447
-14.7984	-7.46535
-19.2131	-2.65712
-18.6039	-5.62433
-20.7788	-8.30567
-21.1696	-9.41279
-21.8079	-9.28806
-20.1123	-11.2827
-18.5759	-12.1392
-15.7799	-11.9175
-14.3908	-10.4629
-13.9138	-6.42126
-12.5276	-3.11512
-13.7358	-0.150055
-15.0441	3.24416
-10.2502	6.45373
-9.09411	6.72378
-7.07358	5.43499
-6.8444	6.31795
-7.27129	6.04623
-5.07894	4.63477
-2.69927	-2.1951
1.6011	-7.53031
3.64781	-9.27581
4.16373	-7.49055
2.58617	-5.57091
0.633121	-4.18986
-2.77421	-2.41259
-5.75772	-1.31598
-8.51623	-0.275304
-11.1848	0.764717
-12.2696	-0.817778
-9.48	-4.73514
-1.86863	-2.24723
-0.0656848	0.600221
-4.27106	-6.35572
-2.3414	-7.9581
-6.14683	-6.53014
-7.53986	-6.43591
-11.9445	-9.67459
-11.6181	-9.78469
-9.03987	-5.22125
-12.7313	-1.96066
-14.0689	-2.72411
-14.3057	-1.58588
-14.4583	1.76102
-8.60514	2.31181
-9.22312	-6.25583
-5.81803	-10.3442
-6.71373	-7.86535
-8.04687	-4.44121
-11.31	2.08122
-7.13667	0.381295
-6.63633	3.71931
-4.19266	5.5238
-3.09711	7.83226
0.162016	6.021
2.41804	2.7557
2.13384	1.3809
1.4579	0.0294264
-0.0293405	-1.43078
-3.15129	-0.93337
-6.6917	1.04672
-9.56567	1.08124
-11.069	0.74373
-11.6515	-0.670977
-9.04356	-2.42167
-10.574	-0.529889
-8.13838	1.34665
-3.5695	1.41063
-6.40492	-1.21541
-13.0253	-1.46309
-12.6473	-3.5074
-12.2351	-0.350125
-15.2787	-7.66869
-3.75133	5.11594
-7.45226	1.45463
1.5173	2.04084
-1.78177	-2.75372
2.4843	-6.86164
1.70099	-1.14718
2.44131	1.97293
-1.36207	5.98781
-15.6355	1.0092
-6.3672	0.505064
-11.676	7.78439
-11.2566	5.00091
-14.2829	-1.65378
-15.365	-3.20056
-14.7129	-0.134399
-15.646	1.92766
-15.6451	3.36535
-20.4403	-0.733844
-18.7362	4.87992
-13.9312	4.4814
-16.5943	1.05695
-18.7464	-1.30772
-16.2257	-0.684416
-21.134	0.922638
-20.6167	-3.14336
-25.4152	-1.62558
-21.9333	1.05891
-23.159	-2.20002
-19.3167	-4.74753
-18.1422	-1.73283
-17.3702	-0.580284
-19.5894	2.60338
-13.361	-1.15277
-17.0888	-2.66984
-16.7478	2.74638
-19.2083	0.372635
-13.631	1.50926