-16.7793	0.561592
-0.689506	-7.4976
-8.78658	-4.77515
-5.03821	-0.757295
-1.6994	1.95679
5.38369	6.34579
0.926691	2.90524
3.09878	2.13971
4.69343	0.96332
-1.2573	1.14035
1.00874	0.189183
3.3971	0.900875
3.87767	2.92548
-0.512965	-1.63441
-4.46637	1.47302
-0.454179	-12.8261
-13.3602	-8.02356
-9.28281	-4.83937
-6.08345	-3.07245
-1.74947	-10.8156
-10.8821	-4.62346
-6.54516	-5.51411
-1.07348	-1.05231
-0.166764	-2.13595
-8.71685	-1.62924
-3.62541	-2.15452
-0.375221	3.78774
2.66626	2.09623
4.44132	10.625
9.41378	11.5001
13.1548	6.76685
5.08953	-16.9232
-16.7296	-4.51833
-3.5241	-7.40736
-6.9914	-6.8079
-1.84392	-7.00096
-9.75782	-5.17907
-2.08921	-11.387
-11.6353	6.20995
2.68938	-6.43267
-8.40297	-4.86228
-4.94778	-3.35458
-0.820225	-8.11684
-8.48329	8.93967
7.41187	7.0981
4.80532	0.509836
2.58795	6.1072
7.00479	-17.0818
-19.4371	-6.7592
-7.09697	-9.89489
-11.6197	-4.26061
-7.87763	-3.73856
-4.82571	-1.97164
-3.08186	-5.86822
-4.41873	2.59498
4.8052	-3.3819
-1.85467	-3.69702
-3.06955	-11.7976
-10.5096	-7.05258
-6.08692	8.51894
5.92817	8.50231
4.7852	13.4633
16.911	8.1109
8.63898	-16.4787
-17.7374	-3.49815
-2.89814	-8.60505
-8.82099	-2.29183
-0.809405	-3.78264
-5.41944	-8.27709
-4.96994	-5.87439
-7.33759	-4.28491
-5.01352	0.179645
-1.83911	6.65304
7.18234	-4.62221
-5.34771	-7.1828
-8.17974	-2.8651
0.778094	1.61095
1.58771	2.46426
5.20377	6.1797
6.87719	-14.7392
-16.4337	-7.56802
-7.20327	-9.77495
-6.95522	-0.103847
-2.77632	-7.43042
-8.31743	-5.3169
-1.7084	-2.48042
1.17421	4.55926
2.42175	-1.37697
-2.36393	-1.77868
-1.16735	-7.56427
-6.30009	-5.16086
0.0905351	-0.597015
3.94907	-1.65969
0.415566	5.65805
3.67006	0.530159
1.33723	-17.0501
-17.9182	-0.409447
-1.20736	-6.34388
-8.64002	-5.01518
-9.26058	-8.17447
-8.25946	-1.88916
-3.1357	-1.09098
-6.08966	1.39079
2.40008	6.12382
4.88335	-3.60347
-1.99438	-5.65154
-5.70014	-8.90319
-1.05475	1.00181
1.47015	2.17916
-1.51051	3.18409
3.26686	1.09167
3.54052	-18.9253
-17.6736	-6.89025
-7.59	-7.91312
-6.58521	-5.6056
-3.1518	-2.83323
-4.1608	-7.13248
1.13414	3.42496
4.74535	-1.01061
3.72966	3.63971
3.42684	-7.56635
1.01603	2.52728
2.18121	2.27666
1.1285	2.96241
2.10487	-1.0422
3.52064	0.0943667
-1.47119	1.24317
1.09129	-16.908
-16.7448	-1.97611
-4.23924	-6.90492
-5.89055	-0.617177
-3.72781	-7.02656
-8.83235	-3.31931
-6.82644	3.80672
0.0800525	5.12743
4.12121	7.28857
3.33817	-3.89749
0.7724	-6.91818
-7.44396	-1.98219
-4.25935	-0.749742
-4.05998	-0.870039
-2.66745	-1.10418
-2.74255	3.359
-1.61314	-19.2194
-19.4769	-3.62932
-3.61851	1.50303
2.28202	0.843063
-2.24789	-3.49752
-5.97784	-8.46996
-10.9472	-1.03064
-1.51291	-0.768585
2.31259	-7.47598
-3.20071	-0.38384
-1.89659	0.181879
-3.64319	-0.942483
0.136777	0.860317
3.39132	2.93352
6.25792	8.04056
5.54175	4.76937
2.65576	-17.0275
-17.8269	-5.39024
-2.98986	-5.77297
-4.86337	-4.53445
-6.02476	-6.57071
-5.52004	-4.33789
-5.58944	-5.16528
-5.42415	-1.41256
-3.12295	5.53916
6.16135	6.16128
4.4006	-3.14753
-5.67966	3.866
1.87268	2.81117
-3.18823	-1.67802
-3.91375	2.42144
0.92891	0.329588
2.08013	-18.7712
-18.9923	-0.823499
-2.56381	1.33924
2.37398	-5.77498
-5.69584	-7.91487
-6.45012	-4.69578
-8.2428	-3.1779
-4.35825	-2.11467
2.42234	3.86116
-0.552572	-6.02746
-4.33121	-5.81665
-4.2596	2.19365
10.0015	-0.0752782
-1.0114	-0.0285788
3.29793	0.951462
0.0694369	-0.200985
1.77273	-21.1833
-16.0963	-1.44597
-2.6035	-5.84314
-10.0844	-6.71149
-3.8751	2.36805
8.685	6.48485
4.81179	7.63531
9.47381	3.43063
6.99518	11.7199
6.40025	-2.69673
-4.1833	4.98725
2.81894	4.44123
3.77551	4.92152
5.46654	-3.63002
-0.61371	-1.59154
-0.914636	2.47733
3.70179	-17.0257
-17.0002	-5.23139
-6.90372	-9.01986
-8.05048	1.03262
3.79414	-3.10685
-7.37899	-14.5859
-15.2392	-6.94843
-8.63152	0.725942
3.82526	-6.94847
-4.02824	-5.2374
2.45977	-12.885
-10.1499	-5.49936
-4.35758	-0.150862
-0.680976	7.68135
6.6067	2.49071
0.896983	5.85496
6.90784	-16.2684
-15.6406	-4.505
-5.01431	-11.3781
-12.8212	-2.94643
-0.241544	1.75865
-1.59156	-8.94162
-10.0831	-8.31755
-7.66008	-4.70644
-5.08082	0.736121
-2.77837	-4.16459
-5.45018	-7.50782
-4.42429	-2.56878
0.312582	6.08466
6.74806	5.0439
5.65531	-3.83651
-3.28442	3.61245
2.73535	-18.3287
-18.1963	-3.37508
-4.43861	-6.3687
-7.23039	-3.69077
-4.69222	-4.20769
-3.90743	-13.2633
-10.8361	-7.35653
-7.43317	-6.76353
-6.18066	0.66215
3.07121	-7.6904
-8.73944	7.96337
3.68216	0.0445179
4.69636	7.25726
7.5122	4.70663
4.64446	0.166064
4.05347	3.67984
1.71802	-19.2703
-18.021	-1.48067
-3.70352	-4.80293
-6.54556	-5.81693
-1.51754	-0.078047
-0.236635	-10.3692
-3.30317	-0.694313
-2.08244	0.792137
0.300329	-0.957242
1.79713	-1.26185
-1.35561	-12.238
-9.42997	-6.65772
-4.20305	-1.90516
1.75559	3.46902
1.24836	2.56752
9.08147	6.95946
7.7629	-17.7544
-17.7493	-5.10596
-5.32982	-8.79261
-7.54935	-6.9898
-8.06924	-10.3473
-6.6521	-3.89397
1.91893	3.33426
4.94675	1.2369
2.67628	2.19399
-0.479193	-5.39018
-1.60027	2.4262
-1.39996	-3.36338
-4.13979	-8.25939
-3.91136	-3.6343
1.54535	2.75734
2.4157	3.78642
6.10368	-16.7096
-17.1111	-5.63663
-5.65259	-8.46576
-7.94134	-5.94493
-7.15688	-3.63371
-4.7153	-10.1556
-10.4136	-1.50645
-1.98559	-2.78802
-3.96375	3.95729
5.55548	1.89951
0.324067	-9.47407
-10.7053	-0.91666
-2.5844	-0.672835
1.50552	7.59637
6.80954	4.59445
2.05761	1.88736
-1.98177	-13.9612
-16.0312	-4.85283
-4.55578	-11.7099
-10.7426	-1.47198
-2.18381	1.6615
1.64699	-7.23942
-11.1539	-3.70789
-6.37153	-4.72167
-0.575806	6.23681
5.14679	-5.95779
-0.526022	-3.63005
-3.01268	-1.77383
2.67925	-1.43195
-1.38813	-3.86315
-1.82056	0.978227
1.2283	-3.00234
-2.18858	-20.3312
-20.0782	-2.81178
-1.32869	-4.08477
-5.43977	-2.65405
-3.3349	-1.41171
-0.98262	-5.62211
-4.30148	-9.11106
-5.17293	-5.57678
-6.59006	8.27191
7.31088	11.7957
10.2769	1.76963
1.55399	-4.0994
-0.288544	-0.661752
-4.90582	-4.44821
-1.18582	1.99057
-1.01016	-3.61643
0.294764	-20.1858
-18.6169	-3.3414
-3.07634	-6.70275
-8.14266	-4.63
-2.11619	-7.1354
-6.24186	-15.4074
-16.0287	-1.59772
1.77081	1.79202
1.65474	6.84691
10.224	0.490088
2.85217	-7.84692
-7.0948	-10.4976
-14.1416	-2.26964
-2.12162	0.246008
-1.72549	5.10219
4.27585	6.42418
7.39569	-15.2567
-13.8801	-6.14112
-6.43282	-11.7412
-12.2807	-8.17474
-9.31599	-8.09825
-9.0497	-1.73043
-1.56221	2.02754
-1.50107	2.58086
5.93633	-0.672871
-2.3254	-3.87736
0.450141	-1.52987
4.18897	7.45156
6.67977	-0.997511
-0.853438	8.88416
7.60901	-0.723709
-1.62382	-0.0761869
-1.38784	-17.4922
-17.2029	-5.69805
-2.69689	-3.84526
-6.4516	-8.86642
-3.29088	1.80651
1.54774	-9.14711
-9.81385	-9.03755
-7.92008	-0.89889
-2.27446	4.16118
5.07703	2.80046
0.354686	2.61596
0.0920561	6.49287
8.66151	-0.440931
-3.00082	-1.6842
2.56181	-0.949661
-0.423459	4.99412
5.52353	-17.6315
-18.9826	-3.93173
-3.88216	-1.70077
-5.22314	-7.65495
-10.2648	-6.16074
-6.19032	-13.5449
-11.5396	-2.32722
-3.89796	-5.01906
-2.75706	2.51719
4.22253	0.461921
2.14256	-3.91978
-2.19244	10.6746
14.8365	11.9086
6.33524	9.15373
6.63857	1.10395
-4.52558	-3.2802
-2.10935	-13.4937
-15.404	-6.61646
-6.13244	-8.39466
-5.53195	-8.06994
-16.7206	2.69234
0.542898	-8.06426
-7.25539	-0.80469
-1.42272	-1.19578
-2.3347	1.85894
4.04165	8.27145
3.87336	-1.97964
0.942893	4.43646
4.93959	5.32067
1.95763	3.10813
1.2704	1.80436
-1.81044	-3.91028
1.854	1.9465
4.5297	2.6636
5.0405	1.42424
1.70456	-17.3274
-16.2524	-7.1415
-3.68526	-8.44931
-7.11226	0.193719
0.548018	-3.28745
0.182969	1.56477
1.59483	-1.49562
2.29497	-4.16609
-4.44132	3.52241
-1.82314	-4.01971
-10.0947	-1.68399
0.0399587	1.57537
1.44981	2.27343
-4.03995	4.21862
2.54755	1.05822
-3.05696	2.31219
0.373976	-18.3004
-18.7807	-5.69386
-5.62694	-6.80915
-7.75299	-4.30212
-4.14349	-2.63254
-5.21608	-2.98362
1.20043	-2.77268
-4.78033	-5.35005
-7.22702	-4.00974
-0.187178	3.98945
1.4169	0.531869
1.99434	0.422893
4.22334	4.55608
8.69311	2.28558
8.8374	1.56085
4.35294	0.397638
4.74401	-17.1221
-17.2002	-3.45682
-2.57939	-11.6495
-8.86941	-2.81112
-4.54752	1.66353
-0.501619	-5.48049
-7.1154	-5.41217
-5.29228	-6.55219
-4.6603	0.933193
3.40827	-5.57932
-3.05098	-4.69447
-4.34993	-3.91291
-1.79423	-4.73896
-6.5845	4.91938
1.0383	-0.137284
0.821138	1.23109
3.82342	-19.1415
-17.3337	-5.8518
-4.88542	-3.89188
-8.42918	-2.04129
-1.143	-4.56271
-3.93392	-6.78022
-9.95133	-16.6473
-14.509	-1.19366
0.18051	1.63941
1.36632	-4.96715
-3.4862	-2.81686
-5.97067	-3.53173
-2.37785	-4.91188
-3.38372	4.04714
3.87248	2.70458
4.85774	2.30699
1.15035	-20.5799
-19.6496	1.29477
1.24231	-3.93611
-7.70155	1.44155
-0.183562	-0.765948
2.31295	4.63009
-1.27631	-8.3184
-12.7046	-6.19235
-6.81758	1.77172
3.3771	2.15001
1.20557	-7.07009
-4.01135	-4.33014
-4.12234	-1.3738
-0.794887	1.08622
2.37347	3.78364
4.07031	3.69867
2.62542	-14.5148
-15.154	-7.5301
-7.46167	-9.98093
-9.99154	-4.93906
-3.05746	12.4078
6.42509	-5.78292
-6.42718	-2.8304
-1.81686	1.58189
-0.329706	8.48348
6.93339	4.67375
-2.67821	3.05344
-1.86845	-0.823797
-1.80464	-0.89589
3.68059	-1.24724
-4.87691	4.9673
3.27703	-0.704426
-1.34768	-15.8277
-15.4155	-5.6603
-3.62301	-14.1889
-12.868	-4.61275
-5.64569	1.2518
-2.70943	-6.52011
-1.56519	-3.01171
-1.28596	-4.61791
-4.86653	-0.312312
-4.67487	1.0075
-0.34776	3.4169
3.26484	-6.01034
-2.10074	-4.0502
-5.32865	-3.6004
-1.43942	-2.38947
-2.06235	5.69378
3.76935	-16.8186
-19.4225	-5.80973
-7.19959	-4.55593
-2.06322	-0.158762
0.820531	-3.89674
-5.64096	-0.699099
-4.97497	0.552015
2.15336	0.338543
-0.437119	3.99737
2.28442	-0.0591556
4.81686	7.21232
4.49259	10.1554
5.25649	-0.843539
-4.37365	2.21549
1.13749	1.00343
0.393842	6.8263
1.40229	-18.2078
-17.456	-5.2762
-4.74991	-4.37889
-4.44812	-7.12522
-9.56514	-4.68009
-3.92734	-10.1449
-4.44272	-4.87733
-4.1296	2.95982
4.61794	-3.73612
1.52204	3.16404
3.33327	8.27852
6.51364	12.2067
6.16461	6.27329
4.41568	-7.73161
-4.30924	-3.52566
-4.45624	-2.23948
-2.13184	-20.9667
-20.2094	-5.75085
-3.48381	-5.61883
-3.18692	-2.76142
-3.85984	-1.48092
-19.5269	-2.73974
-2.28872	-2.52071
-2.17216	0.35027
-0.716623	-1.7592
-2.68404	4.31679
4.00924	5.49745
9.90677	1.25462
2.85986	-1.13769
0.160402	2.63253
4.51385	5.87648
1.60179	6.72217
2.20262	4.3671
-0.220064	4.49169
3.76699	9.74923
6.90886	8.95562
5.54438	-14.6247
-15.9407	-4.05606
-4.17919	-11.9857
-10.7559	-11.9847
-9.38176	-3.52065
-2.58887	1.43203
-0.959193	1.42221
-1.61891	-6.72445
-8.76493	-6.56621
-7.28637	1.10702
-0.408211	-4.60974
-0.874405	3.4692
-0.0134984	-0.238324
-0.728124	2.97898
1.58193	0.0642925
0.51604	2.25955
0.526158	-18.5022
-17.3449	0.534618
-2.51432	-5.74522
-9.0341	2.29012
2.3997	-2.55415
-6.49559	-7.55983
-5.02947	-15.2048
-14.5696	-2.0287
-1.7532	-1.76437
3.31512	-1.40579
-0.256052	-14.196
-13.3688	4.23399
-2.78292	5.54818
4.70409	7.08806
9.91909	7.12811
7.77923	5.27959
6.76796	-15.914
-15.8262	-5.60769
-7.13432	-12.9248
-10.5912	-9.66064
-10.0962	-9.04181
-8.08082	2.27507
0.585985	5.07853
6.81526	6.23083
3.05658	4.93767
3.50336	3.37064
1.77964	7.31703
3.85277	4.34493
8.14496	3.47145
4.80323	8.77411
6.66102	3.69037
2.58342	2.28795
7.32568	-17.8727
-17.6226	-5.87476
-6.51518	-7.21778
-4.47908	-2.36409
-3.03907	-13.6696
-15.1469	-11.8463
-6.69217	2.09301
-0.829653	-0.143192
1.88215	1.04129
0.917732	-1.84919
-3.41343	-1.54016
-1.80057	0.55307
-3.22169	0.637062
-1.56122	-0.487361
-0.33314	1.86152
2.0496	0.171527
-1.63021	-18.1677
-17.4498	-5.65359
-3.30584	-14.1016
-14.349	-6.53051
-5.2534	-5.06244
-4.31315	-2.58333
-2.65693	-8.38871
-2.2344	-8.19556
0.385828	1.40137
0.784849	6.81963
0.721421	-7.65407
-5.41528	5.81823
2.10033	-3.2813
-2.76329	5.42328
3.4268	8.92062
10.3559	9.07957
8.29242	-16.3472
-16.431	-6.4013
-6.56731	-8.99222
-10.2478	-8.0675
-9.17325	-11.0609
-11.9328	-1.63475
-0.225601	-0.216645
-3.96573	0.431967
1.66223	-3.77519
-0.882706	1.18146
6.42981	-10.4788
-10.5619	-7.94104
-8.29681	0.206396
-2.66592	4.80234
5.92288	2.79865
2.69023	8.68765
10.4458	-12.504
-13.1227	-5.09609
-3.22685	-8.26295
-8.21656	-14.5992
-12.1274	-12.3612
-10.5839	-2.96976
-7.78093	4.27749
3.05626	3.00619
0.778477	-0.382937
-3.26709	-0.786359
3.83114	0.18508
2.33459	1.72602
3.63767	-1.81304
-0.154638	2.86516
-1.61131	1.49157
1.64098	3.09692
2.35982	-17.9652
-18.0383	-7.50038
-7.35136	-11.5985
-11.5118	-3.89911
-6.90965	-0.935699
-3.4496	-3.38826
0.230552	-6.79244
-5.52102	4.09805
5.71317	8.10645
9.64561	8.62881
8.29793	-0.704742
-0.433826	4.28189
0.658774	0.630869
0.110836	-3.41391
-3.37744	4.53687
4.84033	-2.31543
-2.70787	-17.3751
-18.2135	-7.37351
-8.18649	-8.3318
-10.3112	2.14616
1.17276	-1.34323
1.48544	-11.1516
-10.3909	-10.0489
-2.50355	-2.65531
-2.16647	2.986
-4.75679	-0.20051
5.09619	-0.0760824
2.46758	5.75939
6.99566	3.77135
2.90223	4.75583
3.10846	1.77099
2.1497	-0.236147
-0.0417611	-18.07
-18.1236	-9.51791
-9.02979	-5.10728
-4.69027	1.88646
1.54441	-3.00533
-1.92189	-8.45174
-8.94333	-2.38954
-7.14514	-5.19412
-8.04539	-1.99912
2.73352	4.9241
2.85469	-8.56638
-6.05787	-4.28149
-4.71473	-1.12021
-2.85363	4.13982
-0.0885193	3.31879
5.62089	6.37746
4.94975	-15.6756
-17.4564	-7.66952
-7.68326	-3.43539
-2.7278	-2.52023
-3.31265	-2.65195
-1.60028	-8.00611
-3.1766	4.4567
7.01227	-4.49843
-4.67314	-4.85284
-5.54707	-1.72403
-2.32522	-2.21912
-5.84771	0.406352
-3.83539	-1.0714
-3.30831	0.458375
-1.00341	2.1805
2.37808	1.80172
0.656117	-18.6309
-20.271	-4.81008
-5.50701	-3.17027
-2.74315	3.41781
0.970142	-2.84473
1.68292	3.71728
2.68757	7.06153
2.82811	-0.440186
2.171	-1.16315
3.15924	7.66538
3.91104	1.41088
-2.81159	-0.168393
0.195881	5.35902
4.96414	1.27225
3.72927	1.20677
-0.551731	-0.940827
-1.30055	-18.3733
-17.5876	-6.31753
-6.11712	-7.41818
-7.17228	-1.27009
0.173035	2.58674
4.53519	0.920314
1.7458	2.4103
0.628094	2.76606
3.55392	11.2058
10.0045	4.83441
3.63017	-4.34549
-10.9368	-5.5847
1.15902	4.16372
4.53113	-1.20341
0.718115	0.739106
4.60986	3.5141
2.1009	-20.7793
-20.3372	-0.788013
-18.7128	-1.81277
-1.69801	-4.86723
-5.26894	-1.53644
-3.87011	-1.5414
-1.19398	-1.27964
-3.40967	0.805997
5.48901	4.32131
6.93673	5.85779
6.15593	4.45097
9.50134	2.57199
3.12275	1.2269
3.09767	-1.08374
1.34294	1.11575
1.72878	-1.91332
2.72423	8.6929
7.39656	-14.9555
-16.5575	-7.4015
-9.30329	-13.2552
-11.9635	-1.23439
-0.670347	-0.0833016
0.596524	-4.98225
-7.08403	-11.2839
-10.2782	-2.31615
-2.98262	7.49796
4.35759	-0.890843
1.14374	-0.727022
-3.37856	4.54704
0.452075	5.19254
3.48249	3.10463
7.28959	1.76049
4.9498	1.85973
2.24068	-17.8035
-16.5223	-3.1797
-6.43081	-3.36035
-5.74623	0.815579
-0.109781	-6.07523
-8.0385	-15.2186
-21.6862	-5.54913
-1.84268	-6.42549
-4.5895	-8.79249
-6.74019	-8.77767
-5.36737	-4.38152
-10.4968	-0.774413
-6.00593	5.57656
6.9921	7.2418
6.57006	4.91706
6.49281	7.75352
7.76949	-14.2579
-13.9795	-5.13099
-5.04199	-7.64206
-8.96299	-2.04581
2.68675	2.34003
1.75941	0.315999
-5.47346	-8.96709
-12.0518	-2.54678
-3.82529	2.12808
2.4544	-7.85225
-10.6136	-6.14385
-4.4689	0.0251007
2.15997	7.96881
5.49986	7.26408
6.57021	11.8046
9.10155	-1.75609
-3.54221	-18.5288
-19.8917	-4.88238
-9.38017	-12.4163
-11.6066	-8.85079
-8.86751	2.98259
2.48028	5.25161
3.38023	1.6909
-2.7921	2.0385
-3.49679	-0.774717
-0.692393	0.856119
0.928314	-1.19581
-2.90709	-0.797543
-1.34167	2.02609
1.55034	2.64229
1.28896	1.81878
2.83968	3.558
5.49674	-19.0566
-18.1969	-4.15105
-6.29148	-13.8097
-13.8333	0.843361
1.23029	-2.1217
-4.63302	-11.3667
-11.8884	-12.4592
-11.8718	-2.7381
2.76785	0.0997746
1.41671	-8.01322
0.555236	-3.04153
-4.33752	-1.23689
-2.10402	3.38704
5.32461	4.99262
3.97704	6.79141
6.58302	4.2431
9.02706	-16.4146
-15.5027	-3.02535
-3.87152	-12.8571
-13.1937	-4.35084
-2.21948	-1.97355
-3.07972	-12.7891
-9.69909	-13.1317
-15.4209	-2.57767
-0.0554276	-8.98291
-4.22468	-6.83126
-9.09234	2.81332
-1.1277	2.97587
-0.557423	4.2669
3.74922	1.98733
3.2505	0.89984
-0.647883	3.89111
2.55908	-15.9034
-15.7491	-8.26128
-10.0455	-6.79876
-6.30569	0.608652
-1.54666	-1.84038
-4.01398	-17.9141
-17.6611	-3.40616
-1.10958	-7.27904
-8.50406	-2.39737
0.654365	-5.74379
-3.32677	-8.54292
-5.13615	-4.25066
-1.62777	-1.30612
-0.8506	-8.77305
-10.5275	-2.57775
-0.803409	0.668576
1.2711	-16.006
-15.8623	-2.69042
-0.454228	-7.74209
-7.78543	4.29002
4.02212	-7.36011
-6.90386	-5.8801
-7.95524	-1.83082
1.86512	-9.48415
-8.53995	-0.503274
-5.282	-1.02817
-6.84942	-1.84559
-4.17487	-2.35919
-1.5999	2.81798
4.00273	1.95854
0.51423	2.07949
-1.87555	4.49611
3.14735	-19.1236
-18.9702	-0.274019
-1.71927	-4.28839
-6.50327	-1.21742
0.907266	2.74689
0.336154	1.36697
-1.35661	4.98053
0.286894	5.57599
7.85679	0.413051
-4.6252	-1.7542
-2.76528	-5.77706
-1.13314	2.4886
-16.8941	2.83129
0.262513	-4.69834
-4.42035	-4.57022
-4.23924	-1.12123
-3.13736	4.02985
0.28857	-1.98312
-2.18685	3.51843
5.98208	1.62767
5.04538	7.50542
3.83772	1.13342
3.35543	6.34425
4.94429	1.78118
1.52569	-1.62652
-0.936735	4.51462
7.39112	1.81279
-1.10109	-19.8796
-16.9623	-4.66253
-7.51773	-9.73426
-8.9141	-2.95038
-1.27435	-2.11823
-3.50353	-4.24955
-3.25141	-11.6518
-9.9576	-0.143365
-0.383218	5.90604
4.76358	-7.19196
-10.8524	-11.7841
-11.6014	-4.99275
-3.43976	4.77955
8.45958	7.3922
6.82157	7.20363
13.6035	5.45923
7.08171	-14.2336
-15.1828	-5.15365
-6.8684	-11.0152
-13.808	-7.17866
-5.17811	-3.51304
5.72823	-7.07391
-4.81735	2.54886
-0.270169	-9.70584
-7.84779	1.98163
-4.51603	-10.761
-9.80322	2.10677
-1.3158	3.9021
3.80217	5.17623
5.81009	7.72435
9.17607	2.76996
1.05356	0.646927
0.337737	-17.4021
-17.2923	-5.191
-5.72512	-5.17788
-6.04816	-6.70373
-5.47177	-6.17746
-5.3399	-7.24352
-11.1493	-3.71977
-3.62068	6.25561
7.03166	5.38962
1.48785	-1.14659
-2.08406	9.63626
3.98336	2.86165
2.24804	2.63624
0.452716	5.16167
5.04108	6.57376
7.71729	7.2805
5.24525	-17.0303
-16.3118	-8.49113
-8.31798	-5.17474
-4.15873	-1.78668
-4.3058	-16.5629
-13.7482	-8.62659
-5.77324	-1.18234
2.7828	-0.103388
3.34687	-3.54328
-7.47315	-7.93099
-9.74188	-0.308983
0.115314	0.11471
2.65658	1.50033
1.70599	-2.72985
-0.523736	3.05487
-1.35565	4.11297
0.160047	-19.0003
-20.5955	-6.25852
-5.1042	-3.52646
-5.42023	0.700294
-0.454427	-7.49121
-4.63664	4.58081
2.15601	1.53344
-4.11685	1.86404
-3.28157	-5.7832
-10.7969	1.2023
-3.64912	2.12496
-2.65387	-2.89869
-4.69668	-6.72512
-0.834626	3.4205
6.32412	5.21142
3.8847	2.6135
3.08618	-16.416
-16.2116	-1.98552
-3.13355	-9.5482
-12.4753	0.269741
3.73979	-3.60431
-3.27467	-9.08273
-10.0198	-10.3734
-6.44754	-3.6008
-3.63688	2.15871
-0.495981	-4.6301
0.494912	-2.33765
-0.00509348	-1.21826
1.99621	5.38111
8.64461	3.36656
3.69074	0.160008
-0.130705	0.0592678
1.80799	-18.6248
-20.0354	-3.81388
-5.60739	-10.8414
-9.25799	-0.0284909
-1.07491	-2.3938
-4.97875	-4.56062
-6.72336	-11.7816
-11.545	0.0347935
-0.827231	-0.928416
0.0119408	-4.27088
-5.76793	-5.06424
-1.40519	-4.83684
-1.10698	4.47561
2.20585	6.2864
4.05972	0.985135
0.938645	3.23995
1.83921	-14.6569
-15.7121	-3.81571
-3.43336	-5.34806
-3.67893	-0.518777
0.901013	0.239793
-2.81694	-0.686878
1.37686	-3.17851
-5.40213	0.0197915
0.857581	0.697328
3.34236	3.57326
2.91007	-0.714987
4.085	1.52363
3.52079	2.53768
-3.90145	0.175782
-0.0906136	1.98235
1.71331	3.20591
4.70129	-18.9215
-19.3939	-4.65694
-4.38415	-4.24798
-2.28375	-0.150336
-0.150673	-7.07655
-5.87563	-6.85651
-4.79133	-4.02898
-6.66653	-9.02725
-10.0217	-0.00530678
-6.86831	-1.95843
-0.886855	-0.181295
-5.3746	-1.52416
-0.72247	-4.21282
-4.57253	4.62595
4.1327	1.19932
0.811936	0.239999
4.03273	-13.113
-12.8588	-7.41092
-7.43905	-10.7626
-11.6561	-6.24957
-7.68954	-1.46904
-2.0875	-1.89743
0.719385	-1.55039
0.687402	1.68805
2.69733	0.0144476
0.988849	-2.05578
-2.35477	-5.1716
-5.06531	-5.84965
-1.40623	5.54944
3.7481	1.2482
5.00252	3.64274
2.90359	3.65406
0.679659	-20.4215
-20.0582	-1.85478
-4.03207	-6.1565
-9.79048	2.39804
4.56526	-3.30822
-7.76015	-4.81751
-4.25681	1.56613
-2.34932	2.24224
3.84492	-0.112368
-3.95818	1.00205
2.96912	-4.99684
0.603523	-4.71546
2.29766	-1.24095
1.52942	4.22385
3.28075	0.141401
-1.08169	-0.197149
-0.440845	-20.4887
-18.2086	-1.35544
-2.88453	-5.82706
-7.37383	-6.07795
-5.865	-5.13749
-5.56196	-2.69128
0.00443946	-3.67345
-1.32952	-4.26977
4.0961	-6.44955
1.72871	-0.816459
4.15489	2.33776
4.14649	-6.03542
-3.94611	-1.19864
1.26136	-0.885379
1.9791	5.83143
6.18003	5.50267
3.51149	-18.421
-18.6514	-4.22723
-2.79116	-10.1121
-11.5893	-4.71385
-4.1537	-5.36385
-5.65852	3.78124
1.05025	-4.24735
-0.0542007	-4.39946
1.61145	-0.0374377
4.56449	5.21655
5.86301	4.61296
9.53839	3.46927
-0.193297	-4.5618
-3.30263	6.58458
7.46425	3.39866
2.31426	6.71243
3.84837	-14.8146
-14.4869	-5.24816
-3.9329	-11.3998
-12.7732	-2.68103
-2.47812	-5.43638
-2.89228	1.97551
1.36961	2.26973
-5.63816	3.95058
-0.170859	7.42568
4.0289	1.57916
-2.37752	-6.10912
-0.996716	4.13166
1.90984	8.95501
8.47586	5.71985
2.22954	6.96057
7.41853	2.70978
6.39969	-16.5511
-14.9561	-6.1967
-2.58341	-9.67723
-8.97369	-4.58861
-3.9729	-4.30695
-7.00497	-1.32243
-4.3301	-5.48844
-2.47464	-3.95518
-6.53514	0.753379
-1.14202	-3.46551
-4.60907	-12.9968
-12.9715	10.6053
10.8163	15.4929
12.6987	10.38
13.9257	9.73914
7.98388	6.98211
9.08241	-13.9285
-13.2312	-5.60498
-6.50378	-10.3063
-10.1924	-10.18
-10.609	-6.95152
-7.82481	2.48883
2.72807	0.0939732
-1.40805	-3.30133
-3.16533	0.527401
-1.46753	-1.99571
-3.49465	-5.09267
-4.72081	2.07901
1.25039	2.83509
3.61985	2.79586
0.271543	0.592265
-0.610688	0.176864
-1.18288	-16.243
-14.6677	-3.00831
-4.19669	-14.2734
-13.2479	-5.17952
-6.39343	-5.74919
-4.73005	-8.81829
-5.94707	-8.12653
-8.17034	-3.49126
-6.77687	-1.11742
0.283789	-3.88723
-3.67296	-5.05651
-3.79574	-4.33341
-5.83251	3.29364
-0.925991	8.68703
8.76972	0.829672
-1.30624	-0.142818
2.52995	-15.0609
-16.4266	-3.13813
-1.89701	-8.67438
-9.34094	0.388399
-2.65367	-10.1226
-8.61513	-11.3499
-10.9404	-0.397885
-5.07164	2.1152
4.90886	11.052
10.8343	-4.87035
-5.38765	-19.0948
-16.3425	-5.14172
-0.779116	-0.471987
1.62055	6.58184
10.4234	10.5405
7.86888	3.81828
3.81869	-17.4906
-18.2446	-5.80453
-7.09955	-11.8876
-13.0063	-4.89315
-3.46637	-3.78643
-4.60364	-8.74742
-4.47587	-7.9099
-3.02653	-3.53161
-3.0928	5.36922
-3.55087	-10.7479
-6.57888	4.21
6.07868	1.41581
1.16297	6.24741
8.16144	8.56042
6.17911	5.35733
-0.0489529	-0.118225
1.1449	-15.3113
-16.5157	-7.69648
-9.37366	-14.123
-14.4341	-1.38307
-4.19902	-0.556747
-1.5983	-3.95094
-7.90335	-9.74744
-9.1053	-8.14561
-1.44533	4.23482
2.99998	-0.770426
-1.44667	-11.9837
-9.68414	-6.69981
-4.86214	4.9338
8.52172	10.0968
8.04702	-0.606225
1.2032	1.45502
1.96102	-17.7935
-15.4702	-6.77529
-6.26931	-7.70641
-7.67936	-3.79057
-5.46341	-0.659759
-1.92064	-8.49967
-13.3038	-7.16084
-8.19281	-3.6275
-6.38426	0.464554
-0.311951	-5.24318
-2.66768	-10.5214
-11.0088	-7.78744
-4.67792	-0.0507309
1.52553	7.22132
5.89774	1.90143
-0.810405	1.06291
1.14259	-17.9857
-18.5088	-9.51833
-8.55165	-7.33283
-4.92804	0.120516
0.834244	-3.7922
1.95664	-0.755313
-5.97767	0.449181
-4.42292	-1.15917
-7.93367	-3.75264
-1.88917	5.4486
1.24404	-3.54768
-6.29013	-9.55313
-6.1536	4.27095
3.91609	1.74916
-0.291105	0.271529
-2.36769	8.57352
7.04738	-12.6041
-13.7958	-3.18832
-1.53381	-10.1575
-7.57592	-9.69834
-7.87369	-11.5722
-3.47535	-5.31218
-0.425333	-6.21371
0.0331236	2.99514
2.34623	0.47599
-5.82059	4.10744
2.13121	-2.58026
-7.97917	-3.13558
-4.81596	-3.25881
-1.57917	7.76905
5.5437	8.4628
9.18197	2.9489
7.34016	-13.5947
-13.4808	-7.34257
-6.69152	-8.91092
-9.3319	-10.1181
-8.70563	-6.19615
-6.1606	0.348543
1.75821	5.09895
3.77414	5.3332
2.55823	0.188328
1.16885	1.89769
-0.50018	-2.42552
0.245509	5.62652
3.78293	-1.49522
-3.41051	6.19764
6.88031	1.94799
0.201979	4.18196
6.89131	-19.8074
-16.7172	-6.6224
-5.78902	-8.17365
-5.62023	-2.38645
-4.74879	-5.25502
-6.1119	0.827271
-1.46602	-1.84815
-6.19736	-7.04266
-5.73035	6.89345
11.4906	-3.09586
-5.37564	-7.5996
-4.93259	-2.6816
-4.21972	2.07234
0.410583	7.52301
5.8867	4.98887
6.72581	5.2858
5.11164	-17.8773
-16.8396	-4.84818
-5.6179	-8.54385
-9.27108	0.0107356
4.46893	-1.16503
1.05675	0.563484
-1.8961	0.268872
-1.83195	-6.44812
-9.87422	-5.48818
-2.45635	2.00548
-1.86785	-1.58611
-0.958078	-6.56971
-1.21939	-2.71985
-1.28571	8.21299
4.07412	2.77176
-1.51139	1.70032
4.40093	-14.3268
-15.2885	-2.07429
-0.500472	-9.84827
-10.3671	-8.39723
-6.78089	-8.36006
-7.74309	-1.48417
-3.85114	-7.00892
-5.04117	1.93892
2.09556	1.44621
0.988268	2.41002
0.789803	-3.02992
-6.82657	0.147622
-1.58008	8.22981
8.79621	4.01402
0.671511	4.41614
4.78939	5.58869
6.72082	-17.0335
-17.7333	-10.4386
-8.83824	-7.81578
-5.36042	-2.73122
-0.536117	6.9237
6.0315	-3.46368
-6.60068	-2.40898
1.6693	-0.739815
5.44553	2.93921
6.07997	3.23299
7.11643	11.189
7.78586	5.00036
2.60572	0.512799
1.19104	3.39875
5.35706	3.70294
4.26075	2.02307
2.17372	-20.6337
-21.2775	-0.943499
-1.79047	-2.85037
-5.95394	2.91407
2.79982	1.3476
2.003	3.12296
-16.891	0.357636
-0.277167	-3.80246
-2.02228	-1.03917
-0.642694	0.170011
-0.518738	1.77603
3.1144	-1.54695
2.31731	3.04943
7.40411	2.41309
1.55667	1.95945
3.82199	7.09859
-1.92758	-2.28211
-3.7249	-3.13066
-2.84413	0.317377
-0.312699	-3.24821
-1.93353	-3.01034
-0.130997	-14.5601
-14.0358	-2.88932
-4.18901	-11.2196
-11.0777	-8.39563
-8.19804	-2.43691
-3.22	-10.4865
-11.3705	-7.85684
-6.51216	1.62635
2.51115	1.59728
0.335714	-2.67231
-1.5344	3.13838
-0.903635	-7.8732
-6.10799	4.83429
6.03099	11.0619
7.80992	7.7467
6.79838	6.81369
8.88648	-17.882
-17.1167	-8.80015
-8.06302	-9.52912
-4.34549	-5.74064
-6.18113	-4.99464
-6.31098	-10.8353
-16.5758	-8.51935
-10.0865	9.07656
12.8023	2.94551
7.11246	-1.77667
-0.88383	-5.23806
-3.2705	-8.55041
-3.25175	1.82138
1.273	5.37183
2.84363	2.54509
0.251795	2.76642
-1.01749	-18.9179
-18.3487	-4.05161
-5.42215	-7.8499
-9.90082	-8.6956
-2.02824	-0.0573161
-2.92595	-9.53501
-9.11643	-3.13168
-2.00548	4.9387
8.67925	5.86161
10.5198	3.27157
5.55432	-9.62588
-4.58109	-2.14851
0.383709	-3.25061
-5.92415	6.88246
1.60599	3.66337
1.04355	-1.84841
-2.95788	-16.9159
-18.2106	-7.72193
-7.04557	-6.6233
-6.20236	-6.87515
-8.77335	-4.60438
-3.21268	-14.273
-11.3672	-4.86824
-1.7192	1.69
1.53346	-5.7912
-6.87788	-3.15579
-1.53452	-2.95152
-5.65143	-7.01438
-4.88813	-6.22048
-6.39436	10.1473
11.6867	11.8262
9.72625	7.86746
7.40576	-14.0897
-14.0568	-6.95008
-5.32542	-6.52934
-4.9741	-8.20747
-11.0192	-11.886
-12.6579	0.949403
1.78902	-2.54842
-0.16897	-2.09384
-0.542462	-0.781186
2.94183	-4.10777
-7.83855	-12.4773
-7.86434	-4.99371
-0.916706	5.27559
4.39696	7.12785
6.36299	7.68802
10.135	0.961553
2.83277	-17.3515
-15.6584	-8.44796
-6.17581	-2.62837
-3.45066	-7.71875
-10.7017	-10.3374
-8.58181	-0.549805
1.80561	4.11146
1.93153	4.21462
2.24395	-1.10502
-1.56135	-1.37135
-3.55181	-3.52019
-4.33995	1.52675
-0.764945	4.80546
2.90038	7.62728
5.11872	5.61776
6.17645	5.78349
3.83025	-16.361
-17.0549	-6.26552
-5.46494	-6.51501
-8.60814	-5.45329
-2.43911	-1.31242
0.67959	-11.1719
-12.9527	-3.3307
-7.97443	4.20687
2.67314	-6.64335
-5.13313	-6.90916
-6.08618	-1.13006
0.169682	-1.45734
-1.71409	-2.23834
-4.21357	1.41414
2.89225	6.96029
2.11299	1.6605
2.16254	-16.7038
-17.0907	-6.68293
-7.48178	-4.58617
-6.49237	-3.70351
-1.8719	-1.63506
-0.435191	-11.405
-12.1933	-4.50184
-3.48043	-6.16925
-6.89421	-1.36028
2.24882	-10.6984
-6.78401	-1.2078
-3.47986	0.62639
-0.162002	-2.88633
-4.58026	4.05584
-0.0345375	2.23654
2.91387	6.29732
5.77291	-13.4038
-14.0877	-5.81949
-4.89901	-9.33322
-7.94486	-6.43511
-4.00029	-3.72164
0.925402	1.05815
1.80377	1.70111
4.92105	-1.77165
-1.27579	-3.42716
1.4627	8.01226
7.05188	-4.26446
0.051093	5.95722
4.22103	-1.65078
1.38137	6.53119
5.01159	0.323841
-0.292975	4.18747
4.71607	-14.3103
-14.9635	-6.41354
-6.6526	-13.5572
-14.3805	-1.93572
-0.535311	-2.58096
-4.26459	-13.7708
-9.67334	-7.95489
-6.0617	-3.69175
-5.15245	2.10107
-1.4714	-0.35585
2.70845	-3.30295
-6.00547	-0.506838
3.23401	-2.42895
-3.19939	-3.21185
-4.25408	2.82395
6.1275	1.55426
-0.903792	-19.9952
-18.6689	-3.76926
-2.6533	-4.1986
-6.63679	2.40158
2.41893	3.42203
1.06749	2.54998
-0.954689	-2.10757
-6.1861	-0.952646
-3.53943	-2.23038
-0.72329	-0.143632
-5.09505	-2.61808
-6.69919	-3.22502
-5.47794	-6.37082
-0.795519	0.907988
1.09328	-2.97088
-2.07443	0.710454
0.0570412	-18.628
-19.0715	-6.44394
-5.25935	-3.51516
-3.90325	-0.123572
-0.724017	-2.24745
-3.26311	0.456735
4.74546	-1.19391
2.57121	1.8406
2.62745	8.2751
8.35197	0.838268
1.08962	2.13721
4.75036	2.14047
4.89728	6.35539
5.61396	11.2082
5.28449	0.495521
3.13856	6.27182
9.55564	-14.5285
-13.611	-5.04409
-2.8887	-15.3304
-10.4767	-1.92775
1.1015	1.71638
2.76481	-0.639293
0.188907	-2.57736
-3.07042	1.30928
-2.24626	0.79106
-1.12613	4.51825
1.14852	-1.83041
4.63997	6.21036
7.3604	-2.59227
-0.0184053	1.63173
0.418932	1.62753
2.13595	0.855258
0.225863	-16.4345
-16.6412	-10.62
-10.8519	-9.45523
-6.76756	-4.30718
-5.67876	-2.76049
-2.72694	-6.91716
-3.94954	-6.65884
-9.3932	0.276845
1.52262	7.80558
4.80335	2.78421
-1.20235	-6.50962
-5.21693	1.85565
4.04295	4.24805
5.18615	0.580699
1.81774	0.991076
-0.439968	2.60427
3.71078	-20.8998
-21.2373	-1.30515
1.7255	0.0670702
-1.93108	-4.42237
-1.4104	-0.675716
-1.26711	-5.76854
-2.37016	-9.95793
-11.4776	-1.15474
-1.90267	-5.22876
-6.36035	-2.09377
-3.41028	-1.00095
-5.15335	-5.13289
-3.9364	-0.785993
0.57347	-3.78087
-0.0893109	-2.2064
-3.00708	0.492389
-1.68397	-16.0309
-16.772	-9.10054
-10.0297	-7.18372
-8.46987	-1.42477
-0.359098	-2.50789
-5.36747	-4.49545
-5.20596	-13.8286
-9.57763	-4.16852
-2.9708	1.16708
0.920697	7.39166
2.51834	2.95689
-3.08525	-2.00937
-4.37235	0.641166
-2.70517	4.81425
8.68533	4.75874
3.44984	1.83471
1.93024	-21.5822
-21.202	-2.28224
-3.28838	-4.4898
-3.11862	2.37461
3.53789	-3.83849
-1.1237	4.70102
-18.9138	0.83115
-0.203148	-1.87631
-5.05734	-3.83913
-2.51581	1.61617
-3.9	1.5759
0.377106	1.49234
3.72999	8.41136
2.50975	4.22207
0.788866	4.13725
-0.517173	1.70951
-3.14748	-5.65484
-6.18784	-0.0505395
-6.52672	5.63363
3.61	0.274872
1.96041	1.03155
1.50657	-21.5856
-19.8704	-6.4411
-6.71375	-5.14342
-2.98407	0.0665147
1.0929	-6.86081
-7.83823	-9.45884
-10.7291	-4.66139
-5.66469	0.545337
-6.18707	-9.05363
-7.4167	1.21293
-0.332572	-12.404
-11.2976	0.265235
2.52258	1.39912
3.96917	9.47593
7.49319	0.408645
1.63173	5.93099
3.3631	-13.918
-14.6707	-7.29489
-8.35815	-7.42784
-6.43932	-12.0796
-10.245	-4.30225
-3.64921	-0.681823
-1.89994	8.20128
4.97218	5.64393
9.24314	-5.18133
-0.892767	-2.30119
-5.73956	1.27231
4.19461	8.07247
6.47766	0.168537
3.03608	2.84294
3.17223	8.17129
11.5807	0.0757646
1.06524	-14.9219
-14.728	-7.12292
-5.87072	-9.82412
-9.95252	-8.46278
-9.08	-4.95764
-7.56751	3.15203
1.26649	1.12888
1.51618	-4.20489
-3.58104	-2.1948
-0.469399	-3.77857
0.995712	-0.540156
-2.3187	-4.05337
-2.19566	2.72127
0.829356	5.12942
4.59895	3.05211
2.45799	7.07861
5.67291	-18.7733
-17.4475	-5.00599
-5.53367	-7.90794
-10.9189	0.994667
0.517975	-0.805239
4.15239	-1.70428
-3.32115	-15.3337
-11.3016	-0.887338
-0.247246	5.41572
0.779751	1.52068
0.803572	-2.60698
0.550047	5.11812
4.69074	0.683541
-1.33295	9.0101
6.31691	3.95623
0.0909142	1.82516
1.69857	-16.2866
-16.8663	-9.74372
-9.23348	-9.95254
-8.50363	-5.03026
-3.85651	-1.85375
-3.92751	-9.15213
-7.18023	-10.5322
-13.7671	-3.23826
-4.89244	6.92528
5.23486	-0.588201
4.35272	-4.58759
0.639564	5.62064
2.85559	7.05537
8.25179	5.20944
8.9436	7.99285
6.16129	5.18017
4.09383	-16.6939
-16.5206	-1.65589
-0.999599	-7.48214
-5.51413	-0.17117
-0.877572	3.19749
3.35873	-2.44754
-0.473338	-0.847779
3.761	0.131214
1.03429	4.22762
3.99788	-0.261102
3.24559	0.539672
6.95168	-0.620494
-0.718604	1.46895
-2.17546	1.83506
1.1734	0.589974
1.04369	3.8365
5.53629	-17.5841
-16.8414	-1.47621
-2.53961	-8.84476
-9.92714	-7.77433
-5.52319	-10.0746
-9.98971	-2.00131
0.475189	1.77968
2.54921	4.42262
3.22576	6.13363
4.82559	-5.42562
-1.80234	-0.176425
-2.14421	1.22751
4.1596	-2.7254
-1.51912	0.581796
4.39879	1.50517
4.29815	-0.0145803
3.0419	-21.2676
-18.2309	-3.64764
-4.69555	-3.40862
-10.0517	-7.15668
-5.79635	2.88862
3.56728	-0.164481
-4.18623	-13.1324
-5.40733	-4.61969
-4.20083	-5.98242
-4.0499	-2.69397
-0.286415	0.35933
1.74258	-2.80076
-4.14512	-5.51726
-4.1345	-2.76648
-3.50092	1.13222
0.974317	2.202
1.0056	-18.1064
-18.1402	-3.66957
-3.57086	-6.72145
-5.9003	3.12823
3.01264	-7.00187
-9.89013	-6.00827
-5.5637	-2.28306
2.55823	4.79164
-2.20376	-3.91183
-5.30957	1.62375
4.76393	-2.29196
-6.00431	4.45867
3.83553	3.93019
5.53945	2.2517
5.57821	5.25964
4.18459	-0.125155
0.609058	-19.7936
-19.7498	0.916516
0.963217	-4.43619
-3.70622	2.08746
2.18695	-2.70674
-17.1484	2.93019
0.108094	-6.50291
-9.31554	-7.51331
-4.0498	0.470242
-2.79553	-1.2097
-2.18295	-0.0363897
0.78659	1.92359
2.66854	3.93228
1.21128	-0.872618
-1.03991	-0.542142
1.37123	3.52172
8.00156	4.88835
2.74098	-3.62588
-2.93622	-3.91329
-0.75439	-1.82443
4.59752	-12.3605
-13.4844	-3.68449
-4.48134	-9.36511
-9.03626	-3.15829
0.60036	-2.73814
-7.96005	-14.6113
-12.7524	-8.60588
-5.97627	-0.305147
5.9641	-3.55906
-5.9408	-8.04271
-5.70775	-3.42484
-2.53889	-3.1547
1.2631	1.15847
-0.28649	2.5053
1.85699	7.63035
9.87951	8.23496
11.4018	-16.6028
-16.8534	-9.80362
-9.49186	-12.7428
-11.7193	-2.13288
-3.87926	2.94629
2.94589	-3.61842
-6.978	-1.31653
-1.34056	-0.771718
3.89857	-2.89468
-1.13361	-0.829496
5.71738	2.37414
2.81057	-5.83889
-4.49132	-0.20754
0.876918	4.51253
0.666941	6.0774
3.33033	7.12627
5.90974	-16.6517
-16.8195	-7.49289
-5.83926	-9.44993
-8.32172	3.52727
4.02083	-0.804752
1.55384	-1.55066
0.480756	-5.78708
-2.8501	-0.175306
1.77224	-2.24092
0.226711	8.8223
8.26754	0.0650716
-0.466679	5.33465
9.76831	2.71089
-1.67567	1.72445
3.39082	-0.171176
4.30162	-0.903633
-0.0425865	-15.9886
-15.6711	-8.89374
-8.54988	-8.06405
-9.88333	1.38139
7.24228	8.03125
6.03469	-8.34602
-12.2785	-7.16648
-6.06463	-3.52346
0.720324	6.62656
4.19007	-2.81965
-3.87892	-9.45495
-7.44015	5.91895
8.32788	5.34195
7.50608	1.47676
5.01247	7.50388
5.23752	6.47039
3.00319	-17.3948
-17.2453	-6.64592
-5.53802	-6.71723
-6.12839	-4.36546
-0.972307	-6.92649
-7.6532	-15.2409
-13.5015	-0.215962
-8.12547	2.81534
2.93596	1.98087
-1.88078	4.04292
8.28529	1.8274
2.41429	0.856899
-3.39654	0.966684
1.15709	3.76792
2.62419	6.46927
6.35429	7.42146
1.18921	-15.2607
-16.0785	-9.75581
-11.5368	-11.8395
-3.04376	6.22147
3.35503	-7.03042
-4.62347	-0.384605
1.51614	7.51415
7.63175	1.21196
2.02868	-5.73305
-1.10469	6.64506
4.58835	5.27937
2.78314	-0.666769
-0.929086	4.16654
3.9177	2.69648
5.94049	7.09487
5.85626	3.29104
5.55221	-14.3419
-14.7245	-6.03179
-7.61027	-11.603
-9.57498	-11.4135
-11.7268	-7.16754
-6.21572	-5.48081
-4.94431	1.29424
3.28517	2.30235
8.08377	2.2504
0.731349	-9.56432
-10.872	-6.95398
-7.40521	-8.09103
-7.2797	-1.38642
1.40932	-0.454178
3.99948	1.55481
4.33906	1.30901
0.126534	-20.2805
-19.4586	-7.69933
-5.80221	-5.21714
-7.01271	7.11899
1.14857	-3.98781
-3.24227	-7.06936
-6.02345	-8.69145
-0.511944	5.05765
4.35733	3.79585
4.4872	7.37154
1.74052	-4.89747
-5.3626	5.27913
2.80228	0.322292
0.0970928	4.49145
1.90874	2.82021
0.299394	3.34347
4.06079	-21.3125
-20.2882	-2.89909
-3.06349	-7.04165
-9.85337	-1.98342
-1.08112	-2.99434
-1.54627	-12.6688
-10.2312	-8.46432
-7.47847	4.12077
-3.82973	-1.70548
0.0254411	-0.952324
5.32278	-2.35022
-0.0416955	1.15615
-3.86994	1.86238
0.286798	3.96374
3.19937	-0.1695
-1.48462	-0.770708
-0.726685	-18.2184
-16.173	-2.68727
-2.57565	-5.60859
-8.45274	-0.0277323
2.84705	-0.173726
-2.10394	-11.6426
-10.5323	-7.2762
-4.92532	3.25746
5.22248	13.4445
11.7235	-7.18391
-5.42224	-11.932
-13.3132	-3.96233
-5.53524	-1.79297
-0.742125	5.29702
8.60766	11.8501
10.7936	6.06426
8.39339	-16.5292
-16.6905	-4.07028
-4.79219	-7.93134
-9.38295	-7.90668
-6.22396	-5.60496
-7.41982	-11.9196
-8.78525	-7.61168
-8.1604	2.74966
2.53064	-3.34677
-2.08122	1.0839
5.00603	-10.1189
-8.26287	-10.497
-11.0127	-3.8105
-0.264083	9.71842
12.2077	12.4948
13.6868	8.29415
5.1522	-15.7443
-14.9834	-1.08487
-3.24141	-5.78368
-2.00487	-6.2191
-6.33827	-3.77187
-0.256267	-9.95059
-8.79905	-3.89771
-6.69253	-7.98428
-5.32755	-0.969648
5.71911	0.984404
-2.24385	-13.0933
-9.48782	-0.648602
0.0360304	1.56268
-2.2066	3.1102
1.36031	16.8339
8.50694	6.84714
6.32492	-17.6093
-19.8742	-3.74001
-1.67412	-4.34132
-5.07794	-4.41322
-1.05739	-7.03408
-5.76036	-2.02625
-1.0518	-5.00368
-8.45745	-4.50546
-5.16492	2.63707
2.84206	3.39809
-0.309841	-9.263
-7.03163	3.70788
1.87339	4.59592
2.59918	3.7664
3.24863	4.39005
5.38478	6.13792
5.06312	-16.4253
-17.9091	-4.81379
-3.11006	-6.7838
-6.72398	1.11715
0.109703	-3.8841
-5.26916	-2.53091
0.681619	4.76653
3.01046	3.71416
2.4279	-4.97026
-2.3745	4.54347
2.25987	4.29748
-3.63455	2.20957
1.92438	-2.00146
-1.08765	6.4967
4.61922	7.29396
7.01186	3.94838
5.66915	-17.6122
-16.531	-6.24371
-6.13396	-6.19785
-6.2733	-1.19561
-2.21797	-1.37548
-4.32838	-3.86689
-3.33131	8.9134
4.33301	1.83805
0.908697	0.257521
-0.461113	5.99481
3.92983	1.15196
3.49254	3.72284
1.63697	1.32695
-1.46037	5.62611
4.54101	-2.48838
-0.60976	2.06064
0.345639	-15.2663
-16.9634	-7.49543
-7.34346	-5.70382
-2.56051	-6.01685
-5.40716	-3.06172
0.0297222	-15.0705
-8.99555	-18.3965
-14.1312	1.42855
-0.596794	1.90429
6.99395	-0.0183671
4.25341	-1.83949
-8.91192	1.28057
-5.38405	0.100549
-0.956057	7.90261
5.39615	-0.396717
-1.91196	1.17038
-2.03797	-15.452
-15.428	-6.89634
-8.64143	-10.4239
-7.87501	-0.168185
-0.956879	-5.12368
-5.84165	-7.74224
-5.69703	-0.918937
-3.02904	0.662665
0.464896	-3.04052
-2.63011	-1.72471
1.1535	-9.53153
-9.43278	-0.500506
-2.23204	3.75683
4.22871	0.40809
-0.463245	-4.89364
-3.03715	2.42488
4.59327	-17.4446
-17.6196	-6.53911
-5.69616	-8.77402
-10.2454	0.448139
0.337375	-2.05717
-2.99857	-8.05107
-10.3137	-8.81407
-13.4173	0.781477
-2.85367	0.00659015
-4.02444	-11.259
-11.9402	-8.86101
-3.55049	-4.25253
-7.18254	-3.65008
-5.19385	-5.93806
-4.98041	-3.23197
-5.55814	0.0693381
-0.546876	-16.6175
-16.2919	-7.05447
-6.77957	-6.2114
-6.69774	3.18799
3.12822	0.133177
1.61941	-5.60472
-5.64779	-11.0815
-4.01663	3.12154
9.32752	3.47404
0.122082	-4.49585
-0.0254742	2.30282
-2.1682	7.36781
2.60741	-3.98567
-0.820688	4.80408
5.89566	2.95835
4.74641	3.68672
2.22269	-15.5143
-18.0234	0.188124
-0.571128	-3.76241
-4.07093	-3.65654
-0.0684378	-1.50384
-1.99963	-2.60795
-3.36342	-0.256769
2.66604	9.40178
10.3453	1.44202
-0.0621001	4.778
6.40297	3.43307
2.9785	11.502
10.3312	0.555992
-2.23799	1.0886
3.04817	0.584711
0.32342	0.946419
1.05395	-15.7002
-15.3915	-9.55309
-9.71332	-10.4003
-9.24167	-9.42799
-8.85772	-10.2245
-9.35919	0.0226221
-5.12904	-1.79522
-1.50493	6.67148
-0.836242	-3.7191
-4.57122	-1.36735
-2.61708	-5.49152
-6.50488	-0.699818
-4.17307	-3.46726
-1.83132	11.5076
7.84367	5.78365
8.53434	4.73306
4.96685	-18.5669
-17.6137	-4.0823
-3.59295	-7.40657
-9.33394	-8.73052
-6.49263	0.646285
-2.8794	-5.71571
-1.63144	-0.0043962
0.0853287	2.62969
0.671062	6.69238
-0.209738	-1.24296
3.90709	2.89115
3.60526	-6.52532
-0.131747	-6.10964
-2.88922	-2.26491
2.44675	2.67032
6.08801	3.6429
2.90772	-18.2892
-17.0582	-5.58732
-4.95424	-4.84284
-2.90615	-2.74094
-6.17333	-7.37752
-7.76937	-16.2175
-17.6651	-3.41214
-0.958861	-1.65038
-4.1996	-1.77344
5.8353	2.27524
3.33822	-12.0578
-16.9015	-11.708
-11.7458	-0.0664786
2.36301	11.2418
8.70884	10.2771
13.4936	5.96996
7.86758	-12.7626
-13.7143	-3.89125
-4.46764	-10.7662
-5.42415	-0.0523371
1.93236	3.81456
2.25236	-4.79147
-6.32178	-7.13897
-1.3375	2.80829
3.19785	-2.97408
0.819295	3.41758
8.88865	3.28241
-0.34158	5.39406
4.64135	4.51669
2.92186	0.0410649
0.0159224	-1.2066
1.47062	4.30991
6.82873	-16.6038
-15.5878	-6.82459
-7.58079	-12.5537
-13.8684	-5.2784
3.04528	6.8291
-1.48323	0.487379
-2.2976	-2.24663
-3.20194	-2.75158
-2.59085	3.12035
2.3373	-9.30875
-9.53386	2.83022
3.44238	-1.80702
-3.76872	0.480489
-0.212636	5.84755
4.66474	1.5222
1.09361	6.2035
2.41631	-18.787
-17.2373	-8.33054
-8.16395	-7.81699
-7.57983	-1.69688
-5.29992	-3.47836
-4.57049	-5.78627
-6.94661	2.73475
0.61341	-3.44787
1.68307	5.50542
2.31258	1.94537
-1.25714	-0.347317
-1.78843	7.91391
5.55369	11.4722
2.73825	-2.61591
-3.74498	0.410899
2.71801	2.31291
1.839	-16.7653
-16.0454	-8.77725
-8.09402	-7.70447
-5.90524	-5.0387
-3.77841	-3.78144
-1.06317	-4.96716
-1.79747	-1.00578
0.205548	10.076
10.3512	3.05453
0.537964	-6.44084
-2.56864	-2.19979
-4.30928	3.8497
-1.28611	1.6918
-4.99755	4.34664
4.72206	5.9884
8.31413	4.69483
6.818	-17.3974
-16.2791	-1.79133
-1.90574	-9.17239
-8.70972	-8.32454
-7.85419	-2.50229
0.400187	-7.12125
-10.3071	-11.618
-5.71167	-5.44928
-5.52294	-4.90096
-0.944151	3.44184
0.846543	-7.87666
-6.83114	3.67179
-0.489594	-4.86936
-1.57497	7.44498
3.87711	1.78986
-3.22284	6.64422
6.91454	-17.5501
-20.3338	-4.5798
-2.17243	-4.22229
-6.87372	-3.50588
2.12312	1.29991
-0.513397	-1.28537
0.507396	-8.90767
-9.22394	-9.17958
-8.41927	-10.3461
-8.38048	-1.91692
1.25789	-0.567338
-8.83704	-9.81581
-8.20146	0.521291
-1.78408	2.54431
2.90745	9.56577
9.60062	6.83015
9.19672	-15.0004
-14.5996	-6.71391
-5.77492	-9.31796
-11.2121	-8.42233
-7.83361	-7.28081
-3.88364	-1.08044
-5.33849	-6.12119
-10.2619	-0.789323
-2.38782	3.94181
1.36868	-11.6446
-7.07203	-9.97061
-4.87814	-2.33602
4.76752	2.26159
1.78161	1.89202
3.30474	2.49913
2.69145	3.94285
0.483377	-17.5775
-18.5068	-6.82335
-4.62064	-7.32044
-8.80103	2.86961
0.243781	-2.35782
-1.6827	-0.573239
5.4205	-5.66193
-14.238	8.17635
4.06338	5.27509
4.19667	-5.35895
-0.846384	-3.81554
-8.44619	-9.63868
-14.4519	-6.62114
-3.71843	4.72471
8.92277	4.77198
6.75278	7.17508
5.67415	-14.5967
-14.9894	-4.87206
-4.60925	-10.2901
-8.7784	-10.5127
-11.0043	-7.94968
-9.35685	-1.75301
-1.07653	-3.30212
-1.73565	3.57841
3.21945	-0.665665
-0.946478	1.63536
-4.54093	-7.14806
1.13142	1.81051
-0.378019	-10.1891
-7.92105	6.437
5.90775	2.98032
-1.38006	4.33953
2.47278	-16.35
-16.8844	-8.05189
-7.95994	-9.021
-9.22516	-0.987209
-0.35234	-3.02245
-6.35334	-15.0921
-15.57	-8.7184
-10.8414	-1.04922
1.46345	1.27149
-1.27022	1.06412
1.63807	-2.71194
0.233419	11.0778
15.3111	1.37506
-2.08476	6.3925
6.02871	2.98622
1.42394	-1.44614
0.123569	-17.4479
-16.1952	-6.8416
-5.25975	-10.8864
-8.1333	-4.607
-1.71152	-7.47803
-8.59726	-15.0503
-11.7149	-0.622866
-0.702334	-5.46974
-10.6727	-6.8361
-5.84311	-4.58042
0.0570026	-1.78891
-0.170034	-4.73959
-1.43703	4.25294
2.09856	-1.87395
-2.30351	-2.69754
4.91349	2.4159
2.31025	-16.1873
-15.9964	-4.96992
-6.12266	-3.84432
-0.556042	3.79229
2.82856	-9.58716
-7.65833	-11.1722
-10.7968	-0.0270522
0.366825	-14.8555
-8.28698	0.427324
-3.19616	-10.941
-8.30437	-0.66796
3.33721	5.12816
3.40845	-0.137917
1.41571	-2.05824
-7.28185	-0.515838
0.0692252	-1.92166
-2.74803	-15.3023
-15.2243	-4.90613
-4.93195	-10.9856
-9.3632	-10.5095
-12.0601	-7.33567
-7.10819	0.503999
-2.20819	-3.07279
2.28301	-2.98116
-5.92572	1.71877
-1.15096	-3.91392
-8.20189	-2.70981
-5.57158	-0.0457571
4.36676	7.12121
-0.248492	0.668742
1.34964	3.3835
3.41081	1.41392
-1.52222	-21.2223
-21.1966	-3.83461
-2.70767	-7.77373
-7.57878	2.70589
0.671746	-1.50915
-4.9642	-6.00046
-17.641	-1.92957
-4.53194	-2.05372
-3.97468	-1.8184
-2.42142	-4.76986
-5.89369	-0.304023
1.53876	-1.92142
1.75308	0.0323923
3.25037	4.04841
3.7937	-1.6662
-1.25484	2.41884
3.98241	4.43333
-3.10122	-4.15798
1.62534	7.26909
6.84876	2.63822
8.07246	7.89153
6.8112	-15.4041
-16.1743	-7.03214
-7.7354	-10.5874
-10.5375	-9.85074
-11.2933	-9.23941
-8.70423	-0.967542
1.69332	8.27834
8.7469	5.31574
5.75739	-10.2035
-7.74039	-8.82742
-6.82157	-4.79136
-4.93073	4.85377
9.64074	10.4006
11.1968	11.2886
10.5311	6.74734
5.92337	4.74693
1.95343	-17.3377
-17.9128	-6.49052
-8.10496	-13.9253
-15.0235	-3.93525
-7.05581	-3.28986
-4.99853	2.73072
7.16392	4.15966
5.17277	1.57916
-0.451393	-0.247081
5.17775	5.20296
0.417301	2.76057
2.29111	1.95015
-3.32059	-2.98401
0.473834	6.59662
5.56678	5.13959
4.2067	3.15561
0.664297	-17.1661
-17.2115	-5.46135
-6.82197	-10.3549
-12.7616	-2.57014
-6.90391	-9.417
-5.94805	5.24005
6.1949	6.17609
12.5864	-1.54022
0.84655	3.29361
3.26294	-2.08072
-5.00055	-8.58078
-3.52616	-5.77657
-9.08578	1.57
-0.994566	4.88483
4.19376	3.2624
2.8893	2.62524
3.55719	-18.6239
-17.7027	-6.351
-5.56585	-6.00224
-6.97725	-1.08867
-1.8975	-2.20245
-3.0154	-14.1852
-14.9903	1.44555
1.18633	-3.50311
-3.40778	-5.97086
-3.9328	0.78393
6.77001	-2.93667
-1.96353	1.68296
2.94491	-3.67323
-0.979891	10.7176
10.7513	6.19833
3.44367	3.10784
1.77303	-18.7372
-18.1774	-6.84332
-6.20422	-2.47734
-3.95912	-7.07439
-7.38175	0.658086
3.3646	-5.0738
-0.332849	-9.82814
-7.63176	-6.69237
-7.51869	-3.30779
4.37433	4.27527
5.4327	-1.41835
-3.2186	-10.2803
-11.5683	-3.28059
-1.72165	4.07476
0.716421	7.16209
5.85246	4.5049
7.00657	-15.2574
-14.7615	-4.26644
-2.40622	-10.5703
-9.2156	-9.63978
-8.36067	-3.39042
-0.303043	-10.7647
-13.7449	-6.29528
-0.75417	0.184446
-4.14971	-2.27152
-2.08747	-4.49301
-5.5731	-6.54603
-4.80362	0.201885
-0.384885	2.71019
3.8159	2.67243
4.07885	-0.0426115
-1.81852	-0.147916
1.17255	-16.0456
-17.7125	-6.09499
-10.3892	-12.7049
-11.9917	-1.50127
0.748737	4.26238
-2.44221	-3.07339
-7.05116	-8.83245
-14.4346	-1.83433
-0.51172	0.76619
1.88179	1.01693
2.71295	-3.66047
-10.0711	-7.33577
-6.77763	-3.56958
2.92286	2.9502
-1.67903	0.669798
2.35574	3.33472
5.94449	-18.9873
-18.0437	-6.45562
-3.58453	-0.61551
0.164526	-1.47324
-3.2078	-4.89453
-4.28701	-9.99154
-9.94559	-5.28617
-4.02268	-7.46924
-5.74715	0.785336
-0.466314	-2.41726
0.439542	-0.704369
-1.86712	-2.22294
-5.47403	1.03394
0.554007	1.38916
3.57023	6.79883
7.73273	4.33548
4.038	-15.7978
-15.8625	-6.84531
-8.19318	-10.1484
-13.2272	-2.2563
0.185266	-0.159485
-1.9597	-5.99919
-8.13603	-2.35073
1.89908	0.976628
-5.16254	-4.40526
-4.37592	-4.43671
-2.53328	2.59375
-2.27128	-1.20204
1.12216	-2.75825
-2.67173	-0.891964
-4.84581	1.26826
-0.461044	0.854215
4.44517	-16.3256
-16.6405	-4.37409
-4.33061	-9.16149
-9.00036	3.83108
2.86624	-8.7287
-10.3848	-6.52219
-1.86789	-7.24556
-7.61833	-2.67812
-0.531821	-4.33849
1.89045	3.44983
0.968788	-1.50879
-5.73574	2.59155
0.175263	7.25324
3.52685	-0.714645
-1.69718	4.66427
3.78112	4.12639
2.46692	-19.9811
-21.3143	-1.49181
-2.29879	-3.55665
-5.99269	1.87214
1.07257	-2.48976
1.20375	0.645142
-1.4838	6.98365
7.05978	1.11176
-16.5656	3.06736
0.782267	-0.701344
-6.00939	-6.41456
-3.92551	-3.4826
1.23767	-0.0778001
-1.1218	1.88097
1.75701	3.91791
5.32209	0.509305
1.33591	-0.576549
6.61246	0.716087
0.486995	0.376301
3.06166	-2.72964
-1.40417	-0.19734
1.4177	-5.16523
-4.20174	-3.18364
-2.50153	-13.4744
-13.6632	-5.75412
-7.72956	-12.0407
-10.8056	-0.881199
1.75275	0.624813
3.69501	-0.950819
-2.93063	-7.17111
-7.78889	2.15052
-2.08349	-0.906978
-1.54467	3.21858
1.92879	-2.91699
-2.61828	5.30402
7.92381	5.3406
4.61729	5.63416
5.66058	4.70475
6.65782	1.79329
1.79113	-18.0799
-16.9616	-6.7622
-3.74565	-11.5377
-10.7359	-1.73473
-5.64196	-8.04614
-7.08427	0.197851
1.62989	7.0692
5.40369	-0.494995
-0.962596	-3.65266
0.692695	-3.07448
-4.89565	-15.6894
-13.2107	-5.07778
-3.24508	-0.539634
-2.48288	6.2274
1.44664	10.2646
6.41503	5.04584
3.13742	-17.5184
-17.8262	-2.87432
-5.10185	-13.2048
-14.892	-0.732241
3.43987	-3.21143
2.20738	-7.99521
-9.8997	0.465843
1.63141	5.42933
6.06786	5.82485
-3.90829	-0.188088
-2.49544	0.504445
4.47247	4.70499
0.706731	10.6583
6.11917	5.60214
0.750979	-1.21347
-0.226302	4.05792
-0.476685	-16.2122
-14.4376	-2.65453
-5.5029	-8.00868
-9.63499	-3.02353
-5.7948	-3.8107
-3.82829	-10.6912
-9.76118	-8.79228
-9.20271	4.83338
2.2013	-0.761523
1.01726	0.0394694
0.0876767	-12.1393
-15.098	-13.3122
-15.1519	3.12771
1.70998	4.51816
7.89951	7.16402
4.26435	5.99909
3.8392	-14.671
-16.0409	-4.18994
-2.66496	-3.98275
-7.22919	-5.61238
-3.57815	-4.76577
-6.12472	3.45506
-2.54577	-10.875
-12.4751	-4.19007
-4.84779	3.57932
2.49215	0.668042
3.17536	-9.87806
-4.87169	-14.4023
-12.1846	-1.32639
0.357334	7.23943
7.10486	6.55132
11.5836	9.36963
8.4062	-15.9793
-16.5795	-5.88916
-2.96105	-4.85086
-6.03932	-7.49585
-7.00393	-2.76627
-1.98423	-7.44122
-2.41926	-1.02719
-5.95678	-10.7883
-5.5455	1.2447
1.79523	-3.83577
-4.17549	-14.1368
-10.6256	-12.0277
-8.49101	4.24845
-0.183841	5.20992
3.24716	4.93389
5.66381	7.81754
4.56375	-15.5875
-16.8773	-4.95675
-4.74805	-9.5297
-12.3049	-5.31519
-0.965356	5.95529
4.04062	-10.4739
-7.60884	-11.6017
-7.03989	-1.14046
-1.8906	-1.40053
-1.52516	-2.22264
-2.91994	-0.432255
1.10762	-3.337
-8.21595	0.241965
-3.76277	1.1937
3.07866	5.48605
4.92437	5.8567
5.82186	-12.6106
-12.7513	-5.54586
-4.35873	-7.02214
-8.594	-11.9936
-10.7553	-10.6891
-8.39517	-4.70583
-9.69383	5.34268
7.30553	11.8219
10.4977	4.60899
0.440342	7.8272
0.321914	-2.04863
0.999352	3.75942
3.04402	2.25893
-2.45618	3.83517
2.96076	4.69344
4.27865	7.32816
6.2424	-17.2632
-17.113	-5.59886
-6.61886	-6.46411
-8.34179	0.889565
0.0542361	0.0486607
0.248266	-4.14189
-1.35308	11.0375
11.6521	7.78063
1.44511	-1.96643
-5.36137	2.0971
-0.160897	6.22386
1.00983	7.07669
3.80336	8.1496
6.80157	4.24035
-1.18756	-0.273807
-0.181337	1.57687
0.480904	-20.3019
-20.6015	-2.90865
-2.14934	-2.44053
-6.17481	1.36693
-3.32975	1.87505
-0.0639343	-3.60957
-1.76573	-2.88946
-9.21864	0.413015
-4.1968	3.66733
2.74196	-0.0449043
-3.02091	-8.75035
-9.13842	-0.274485
-4.22653	3.97194
5.47004	5.09332
4.04408	1.59007
2.90091	-2.19977
-1.17175	-18.1485
-17.0005	-8.45905
-9.45331	-11.1649
-15.6051	-3.75535
-6.91258	-1.67949
-4.10623	-5.80204
-7.27347	-3.93083
-5.1479	-4.66985
-3.14941	-0.644262
-4.87285	-0.802215
-2.55042	-11.201
-11.8901	-1.70443
-5.62079	-3.44237
1.59379	4.26166
4.65868	7.18866
3.84523	-0.307358
-0.0809806	-11.84
-13.5333	-8.44631
-6.95727	-6.96133
-7.74307	-8.70574
-10.3954	-8.01997
-3.87358	-0.191303
0.862104	7.20474
3.04196	3.9765
0.912427	-3.68679
-6.06167	1.26701
0.0578638	0.279821
0.839465	-4.18091
-2.21001	-4.78617
-6.37693	-6.12528
-6.69584	-4.29626
-3.10495	5.24895
6.96039	-16.4071
-17.1745	-6.15638
-5.70046	-2.43253
-0.0582184	3.55125
-0.609292	-2.24102
-4.41411	-0.368065
-2.28519	8.48271
9.86044	-3.82044
-5.40141	-10.4797
-11.7891	-6.05939
-0.159848	4.40369
7.53112	-4.40529
-0.978578	4.08734
1.18197	5.14421
2.91787	-1.03365
1.09075	4.37232
4.32221	-17.7803
-17.7544	-10.277
-11.0498	-6.65605
-7.47634	1.80471
-5.50129	-0.625269
-2.05149	1.50106
3.83179	-1.17814
-1.99805	5.97272
8.27529	0.137525
-4.68744	0.927804
-5.7709	-1.2992
-4.50207	1.84313
-0.544911	1.14962
0.523382	0.57961
2.07014	0.322278
0.252795	-0.182756
1.86937	-18.9482
-18.7037	-1.21443
-1.17544	-5.59562
-6.42794	-4.80343
-5.47422	-3.12466
-18.3021	3.20813
1.74816	-0.808987
-1.04337	-3.79691
-3.41673	0.307585
-1.52829	-4.29328
-0.61481	-0.864196
2.92821	6.60351
6.53494	8.59779
6.01047	4.46666
7.79309	-1.30102
0.309263	3.12724
6.94939	0.0723826
-1.04883	-7.10659
-4.64924	-1.491
2.03576	3.14105
4.75309	-20.5525
-19.509	-3.16638
-1.96881	-5.308
-5.33844	-0.238865
-3.92527	2.19023
1.37911	-1.12408
3.73574	-4.30247
-6.44687	-2.79552
-4.18141	-6.90931
-10.281	10.8072
3.85227	11.7943
11.4154	1.83281
3.86001	-0.137889
0.387611	1.58188
4.16384	5.48226
9.11249	9.14972
8.75547	-15.4733
-15.7861	-5.49459
-6.25592	-11.983
-9.9171	-9.87197
-7.79358	-0.274262
-1.13411	-0.369865
-2.31597	-2.4856
-2.39985	-6.92742
-3.56796	4.95597
6.2571	-2.82018
-3.20701	1.38248
2.70711	1.80175
3.40989	-0.811997
-1.19928	2.68717
4.89335	0.517324
2.96635	4.87957
1.43523	-19.0867
-19.1873	-9.12367
-8.01463	-8.61318
-8.75175	0.0445018
2.35171	-5.54165
-8.29626	-9.68998
-10.0435	-11.6578
-9.41407	-0.731903
1.29871	2.16519
3.91359	-5.97433
-8.66931	-14.9899
-15.8766	-5.3346
-3.15502	15.5551
11.5194	14.1654
8.4862	4.33028
5.79619	6.52979
6.82203	-15.7907
-16.9875	-8.27789
-7.62097	-9.64796
-6.97584	4.77493
2.06296	-3.89172
-4.88863	-10.2882
-11.9933	-7.04449
-8.45671	1.68303
-1.22245	3.68255
3.96325	-5.55476
-7.48071	-1.85214
2.85424	0.757011
2.84781	9.16149
9.40368	8.49467
3.76828	5.00239
2.69048	3.75014
2.2336	-20.8582
-20.1224	-2.21104
-1.17409	-7.15906
-5.80276	2.6013
-1.93437	-9.83486
-12.9255	-9.28443
-16.5707	-3.55683
-3.76918	-8.18193
-6.20935	2.45106
-1.31093	-7.34464
-1.05656	-2.55821
-5.67671	-5.55507
-9.10286	-5.60799
-4.26858	2.20169
2.41249	9.6743
11.2213	12.882
9.39571	-15.1659
-15.7475	-5.44932
-3.94284	-10.2162
-10.1432	-10.5874
-11.399	-11.4841
-11.9991	-9.86784
-7.61157	-1.03859
-6.31638	4.31665
1.33327	-1.87269
0.127943	-0.383283
1.41414	-16.9993
-14.2077	-5.45898
-6.52302	-3.17985
-5.53303	5.30609
6.01536	7.52807
9.37678	10.9509
9.64206	-13.6045
-12.9173	-4.89972
-4.04063	-9.93881
-9.95434	-12.3368
-9.4597	-4.19262
-4.15859	-0.536547
-1.01829	-1.42694
-0.223266	-4.9888
-9.68023	2.18983
5.94326	1.20442
4.93156	1.67949
-3.78104	-0.972749
-6.76866	-4.74021
-3.43456	1.62002
1.18041	2.69545
6.40544	1.46939
-0.765142	-16.6714
-17.7519	-4.71699
-5.41952	-7.48227
-7.70481	-3.94391
-2.78897	-0.79848
-1.91499	-11.4679
-12.6935	-4.7413
-5.09041	-5.5698
-7.74774	-14.3391
-9.36992	1.17173
2.46851	-2.06511
-3.13271	2.81144
-1.42865	4.13973
7.29695	3.24125
5.80668	-3.30116
-0.807705	2.84177
4.60146	-19.4662
-19.6098	-6.18687
-6.46994	-13.5463
-10.0964	-0.660153
0.742079	4.71061
-0.319829	-10.8952
-14.8163	-0.285066
-3.85027	-3.14948
-4.29137	-11.1632
-8.4656	-6.40271
-3.43814	-9.01312
-11.2979	-7.33037
-7.61134	0.0774083
-2.50112	1.32202
-0.543569	7.95581
7.23913	5.00954
4.83033	-14.8814
-14.1526	-5.93682
-6.89782	-10.3115
-9.71116	-8.63367
-7.68602	-8.95295
-3.90989	-2.13546
-1.50359	-3.5254
-0.478451	-5.98502
-0.415642	2.41774
-0.71042	0.612445
-2.30585	4.7113
2.88056	2.22846
3.1752	0.294663
-2.57018	-3.12267
-5.18306	2.12392
0.990486	6.21908
5.57365	-17.4935
-17.8956	-3.14706
-4.3396	-10.451
-7.63802	-0.348945
1.61085	-7.32148
-7.59696	-2.12759
-6.97578	-3.27258
-4.03422	-1.91639
-3.73518	2.20111
5.63313	5.09275
3.56208	0.421071
-4.51464	-1.72241
-2.15533	0.324695
-1.85842	2.39202
-2.39082	-1.43528
-2.84943	-3.92621
-4.30292	-14.3377
-13.9359	-5.69704
-4.93347	-9.49498
-11.8002	-7.41793
-5.31252	-1.96738
-3.82549	-4.91866
-2.47175	-3.00299
-8.33275	3.3715
1.39102	6.04716
7.34602	6.47459
8.31368	-5.91753
-0.00860997	2.54439
3.20841	2.22447
0.19394	4.40451
3.28569	-1.17973
-3.68924	2.49993
5.54671	-16.4987
-17.0323	-5.16427
-4.99478	-11.4783
-8.80837	-1.56199
-0.26002	-6.11988
-4.06786	2.06557
2.95855	4.03118
0.916635	-6.53707
-3.26918	1.7222
0.541604	0.0941633
-1.06704	-2.96613
-6.11976	-6.40018
-5.40904	3.70374
2.88292	4.08842
-1.14544	1.35109
3.96879	-1.70393
-2.64359	-21.4201
-21.4528	-6.24883
-19.9367	-0.331007
-3.07238	-4.68207
-5.43145	-5.70204
-4.04106	-2.48268
-4.77916	1.68213
1.78208	1.73523
-0.140256	-0.416076
0.639107	5.49029
4.94189	3.3936
6.74949	-0.747402
0.172364	-1.69806
5.24077	-2.53684
-1.5917	5.73779
3.50476	2.02523
1.62758	4.05379
2.2175	-17.1787
-16.5299	-3.83819
-3.51886	-9.08317
-11.8471	-6.83323
-6.1104	-1.27001
-0.863759	0.587765
-1.77795	-1.11987
-1.77594	-1.23328
-3.46343	-5.12531
-7.8452	5.75276
-0.538697	-2.83102
-6.36258	-1.10615
-0.552039	-5.53311
-6.82455	-0.84619
4.06218	-0.0721223
3.15045	0.863404
3.51516	-18.9597
-20.519	-5.50032
-1.37441	-9.58707
-8.04473	-0.844303
1.46501	-8.60557
-10.027	-13.4917
-10.4688	-3.74786
0.182603	-12.2659
-11.8814	1.03424
-0.275041	-9.80712
-12.1749	-0.808698
2.22504	-2.63921
-2.74818	-0.0872306
2.95261	6.19417
8.49207	2.79161
3.68074	5.37307
0.817161	-18.4461
-18.5953	0.0857217
-3.1209	-12.1499
-11.5017	0.485937
-0.637397	-5.90203
-2.86877	3.53928
2.93062	-4.14072
-3.04301	-5.57628
-5.6132	7.10225
6.78432	7.73851
10.2974	7.29279
6.66773	12.5482
8.61511	8.29056
6.91477	3.45725
2.55502	-3.27065
2.00053	3.36409
2.80369	-16.0851
-16.0469	-10.2785
-10.2493	-12.4597
-9.03745	3.20698
3.39011	-2.50137
-3.9591	-3.90699
-4.83362	5.09841
-0.947512	-1.19436
-0.838207	7.65593
7.79602	17.1469
12.4887	-0.477355
-6.42312	-0.602236
1.44357	1.51429
0.882644	1.05553
3.25503	1.73993
0.90617	2.85763
6.38133	-19.5448
-18.8127	-1.01318
-1.39734	-6.40869
-5.49425	-1.24179
-3.24599	0.176292
-0.413958	-9.58702
-12.2012	-11.9801
-11.0314	2.24486
4.83529	7.28239
5.93427	-4.6113
-3.87271	-3.49322
-5.96243	-3.94745
-4.31668	-0.535495
-1.22598	2.88626
3.73208	9.42234
8.22212	7.63292
7.76095	-13.535
-14.2701	-5.64685
-5.3527	-11.335
-11.0437	-12.3347
-8.70166	-5.77006
-5.18173	-4.47072
-13.8142	-10.9494
-9.0619	-5.52294
-6.31315	-0.68392
-2.74138	-0.944336
-7.07075	-10.4238
-7.99004	-8.03231
-5.37695	-0.89542
0.929393	6.03781
4.40625	0.551727
1.357	0.850996
1.85019	-17.8261
-17.3554	-7.28251
-8.43506	-14.5688
-11.8274	0.285269
2.52481	-0.750777
-3.31257	-5.32928
-9.06958	-11.7562
-9.40906	7.81876
2.13964	6.53213
7.29249	8.12283
5.45667	6.26907
3.65387	4.25788
1.90511	3.69852
5.38156	4.52147
1.70234	2.84871
4.28379	3.21407
1.63112	-18.5605
-18.4586	-5.17698
-4.77419	-10.379
-8.31833	2.3428
3.12354	1.0003
-3.5275	3.78646
2.3311	-0.614608
-5.15296	5.36118
6.20468	7.34852
4.20166	-0.460797
-0.445222	2.94003
2.45975	1.99095
4.98925	2.30677
1.6724	3.92544
6.42375	5.7558
4.54148	3.42348
3.30305	-14.6958
-15.2969	-8.66309
-6.77674	-8.26227
-7.05634	-5.33735
-3.13683	1.12448
-3.68918	0.491859
0.514076	-8.90601
-10.8315	-11.9441
-8.55011	-0.901473
-3.71656	-10.7979
-8.67123	0.0324227
-6.54064	-7.1638
-7.39297	-1.3064
-0.291164	3.74142
7.19029	5.32331
4.43076	1.64202
2.22861	-14.3662
-13.4173	-4.85003
-6.24284	-12.2965
-11.8943	-9.63378
-7.43941	-7.04195
-5.35262	-1.38739
-0.0901907	-4.33057
-5.50101	-0.630769
-1.20004	1.68119
-0.91098	-3.05868
-5.2821	-0.918541
-0.167069	0.204907
1.85919	-6.52118
-6.31769	-1.09423
-1.4287	8.24394
5.27303	3.24151
5.68095	-17.2556
-16.1135	-3.40624
-2.64974	-11.7274
-10.4854	-4.91683
-5.32367	-2.42628
0.337005	0.350359
4.81248	-12.7176
-10.0703	-6.22189
-5.70731	-2.94256
-2.58486	-3.11936
-5.12988	-8.5637
-3.96242	1.13123
2.54387	3.337
5.13179	0.743978
0.532477	-0.17498
4.98612	-3.6795
-1.50573	-17.2438
-18.3141	-4.61922
-3.58994	-6.3854
-4.00079	3.61379
0.843118	-9.1613
-12.2031	-1.70203
-0.938789	-3.5765
-2.87369	-6.98457
-3.49098	3.35861
3.81887	2.78626
1.89806	7.17191
5.51074	-2.50167
-2.20173	1.495
2.7428	5.321
3.5072	1.54548
3.16865	-2.25691
1.2381	-20.0441
-20.451	-8.3609
-6.50116	-9.13851
-7.46428	-7.53217
-9.23164	-7.03131
-4.30863	-0.115432
-5.39016	3.28348
-2.62269	6.64525
2.29509	3.33624
-0.01545	4.75901
-0.21204	0.144948
-1.69537	8.17568
5.18792	0.938901
1.92927	2.84713
-16.662	3.04184
1.16143	-4.34912
-4.36867	3.53993
2.73816	-4.56375
-1.67605	6.89004
5.17894	-0.683949
-1.8167	3.5149
4.15918	-4.95708
-4.09723	2.42599
4.73485	6.54069
6.22642	2.44227
2.6856	-0.669697
6.60267	6.03737
6.60226	1.4857
-0.244414	6.24511
8.05631	-17.8869
-18.5975	-8.03738
-8.68891	-9.19759
-8.30576	-3.84183
-6.59686	-7.50565
-7.41164	-12.4898
-9.50155	-2.8091
0.228038	5.12616
4.19756	2.27308
1.80501	-3.80606
-5.36982	-10.1784
-9.09544	2.65215
4.06427	8.96004
9.64548	8.97143
11.0125	4.76271
7.64133	5.64723
5.48534	-16.5978
-17.5102	-4.37997
-4.19487	-9.86242
-10.5682	-2.43209
1.35444	-6.53879
-3.5854	-10.2146
-13.4609	-7.77658
-4.37603	-9.07319
-10.8966	-0.874909
-3.65744	-10.0761
-9.38057	-2.50802
-4.52676	-9.7744
-7.83705	-2.56641
-0.636712	8.47688
10.5349	3.62574
4.69332	5.64819
7.13275	-15.2161
-14.4566	-8.18517
-8.00059	-11.5214
-10.0774	-9.25215
-6.34151	-6.39526
-5.45054	-2.34964
-0.56186	-2.60168
-1.26818	2.10895
-1.25813	-6.67903
-4.60217	-2.37239
3.50617	1.27748
0.476762	-0.314152
3.54243	6.56297
1.64866	6.54733
9.50353	7.22675
6.18544	4.41855
4.66938	-18.8709
-19.4789	-6.34244
-7.15257	-5.57149
-5.90609	-1.2461
0.894024	-6.59504
-6.84969	-9.35476
-7.17047	-2.80576
-6.46463	0.215443
0.0598349	2.24058
3.66358	1.2755
-0.962382	-4.26682
-2.11887	4.8626
2.58393	-0.718159
-0.0012003	6.83869
6.74079	5.50835
3.89173	-1.44615
0.693677	-19.0738
-18.4444	-4.91769
-6.67622	-2.55727
-6.16499	-2.88777
-0.115401	-0.923976
-0.0691957	-10.6443
-9.87623	1.12964
6.98432	10.8738
6.886	7.74295
6.70365	0.832261
3.09307	-2.21218
-1.55725	3.28684
-0.362333	2.52302
5.95717	-0.198694
-0.697167	4.71766
4.53563	2.08603
6.62568	-16.377
-17.5237	-7.62672
-7.95067	-11.902
-12.5994	-3.79516
-0.582673	5.4818
4.02088	-7.07659
-13.3312	-17.1749
-9.16928	-5.43272
-4.90384	-3.44061
-1.29004	1.91721
4.06995	-9.83519
-9.1293	-2.5048
-3.6002	-8.13111
-7.04038	7.62503
5.45292	5.50653
3.65788	1.37565
3.93132	-15.4928
-15.8114	-3.71244
-6.58042	-10.4639
-8.40983	-10.3013
-8.81196	-7.96605
-10.1901	-2.825
-5.22102	-2.30136
-4.08867	-0.909859
1.00934	1.51325
3.89804	4.1435
2.18662	-0.0033277
-2.19701	6.29494
-2.0711	3.43699
-0.167625	4.35841
6.86712	8.72041
9.34769	-0.600501
2.50985	-15.2953
-15.1878	-3.04613
-2.00045	-6.86333
-5.66479	-6.44307
-0.825609	6.24004
7.5124	-1.83656
-8.13434	-0.939654
-2.39863	1.95347
0.783075	2.07572
-2.46008	-1.69044
-2.4054	-11.3733
-9.92129	4.70212
2.61426	1.89561
0.551385	2.70477
4.13253	5.56769
5.97181	3.46794
5.73865	-16.4171
-16.6652	-9.16963
-9.9178	-7.97274
-9.09382	0.200869
-2.3677	0.659074
-3.45436	-6.2406
-6.05987	1.66693
0.454378	2.11731
0.279665	-5.56991
-7.25579	2.23289
3.67529	-0.738411
-5.75025	3.64926
-0.342344	-0.736395
-3.69036	2.68414
1.14895	5.73285
10.0127	2.62865
0.684044	-16.2287
-16.5244	-3.10944
-4.07612	-10.4583
-11.4756	-5.29447
-7.01683	3.82281
1.69199	1.83327
-4.13999	-11.7722
-10.1796	-4.98468
-2.36687	0.673629
0.865977	-2.08678
-4.73072	-2.59894
3.19161	-3.04566
-4.44869	-3.57549
-6.30611	-2.12874
-1.13201	-1.38262
-4.27794	2.78523
4.41466	-20.085
-18.9512	-1.86917
-3.09811	5.27024
4.27332	-1.98902
-3.0155	1.40462
-1.69711	-2.22648
0.851088	-4.57201
1.2818	-2.86595
0.245557	-4.64765
-7.26069	0.897079
-1.58415	0.668275
3.23746	6.3606
4.45922	-3.04954
-18.692	1.0367
-0.717883	-3.21648
-4.7614	-2.47186
0.563098	-0.714701
-0.0654762	0.712737
1.2194	-2.05759
-3.84529	3.04212
4.07811	-2.52095
1.95702	1.90599
0.464814	6.98664
4.29767	1.84399
-2.4385	1.25671
3.58199	3.69905
4.97642	-0.491581
2.6361	3.93676
5.59149	-20.5552
-19.2771	-4.0806
-7.68876	-11.0806
-12.7878	-0.218244
-0.224342	5.1492
7.79568	-2.3934
-6.18526	-16.1402
-11.885	4.96534
0.774986	0.845487
-7.71367	-10.0005
-5.11245	-7.2682
-6.40968	3.43033
2.05242	4.72306
4.2499	1.65538
1.91831	4.32803
1.68709	2.57556
0.757728	-16.1525
-17.5151	-8.1741
-7.03299	-13.5928
-12.1622	-0.971978
0.38439	3.31629
3.18185	-4.63322
-9.52998	-2.83213
-5.00893	-8.70727
-3.1415	-0.391462
-5.4966	-8.76025
-9.79213	-12.128
-12.2236	1.66012
0.825096	7.50672
8.27257	8.11384
6.96155	2.75575
6.39398	2.07995
1.07435	-15.6635
-14.1845	-6.11891
-5.27702	-10.3538
-12.2666	-4.04545
-1.20405	-0.33688
-0.863204	-5.27374
-7.77944	-7.99049
-6.63454	-3.24984
-1.25747	-4.46479
-8.06228	-1.26952
-2.08262	-2.31093
-7.70729	-0.305763
-1.70096	5.74755
8.61583	4.8635
7.47287	6.73239
9.82904	1.98261
1.578	-17.6929
-18.3079	-4.37834
-3.03496	-9.69821
-6.56198	-6.34743
-5.89003	-11.5373
-11.6232	-14.7259
-16.4981	-0.411048
0.438951	-6.00924
-6.0027	-2.37878
-0.382509	4.01348
0.585552	-8.09288
-2.75444	-2.52958
3.11236	3.18947
6.14561	8.97439
8.55761	1.86857
0.945495	-3.61908
-2.28562	-19.1155
-18.7275	-3.32869
-1.1701	-6.96867
-9.38624	1.12366
-4.02916	3.99034
1.51446	-11.0977
-8.4229	-12.2749
-9.83385	1.58708
1.23425	0.41868
0.914706	0.974523
-0.0879233	-8.17511
-5.95875	0.908824
3.23609	2.1487
1.09627	0.427579
2.60578	5.19136
5.17031	5.04624
7.37079	-20.0654
-20.1009	-6.05424
-8.64167	-10.6746
-8.58923	-1.86524
-0.736323	1.97944
2.34733	-7.44825
-11.7109	-6.15503
-4.89069	2.16244
-1.7602	3.36103
4.43963	3.98289
3.82283	-14.1525
-8.67981	-7.20518
-5.28509	-4.18497
-3.7446	-0.187146
-2.95336	3.06127
5.70877	0.527858
2.5167	-15.9429
-18.975	-5.95186
-6.63905	-7.94473
-10.3196	-1.77433
-2.65183	4.40025
0.604477	-1.54059
-10.7318	-8.35604
-11.0808	-7.43582
-8.05926	1.7134
1.49681	-4.52062
-4.30806	-5.66999
-7.55392	-3.72963
-4.2621	-0.892703
-2.76864	0.764387
1.25068	6.4869
7.51866	7.54201
2.66402	-13.5463
-14.1165	-3.52405
-2.59953	-10.4346
-8.41124	-2.05209
-1.51223	1.58705
4.90488	-3.24626
-1.23443	-2.35956
-0.618215	3.90217
1.47222	4.94707
3.77471	-1.4654
4.12148	-0.671574
-6.59178	-5.27522
-6.37641	-1.38603
-0.0158223	1.00163
-2.67238	3.80604
0.369228	2.58363
2.44543	-15.8439
-15.1525	-1.90035
-2.67396	-10.2222
-8.03983	4.24171
5.28474	-7.02946
-8.26358	-7.9932
-7.72374	-14.9916
-10.102	-0.303083
-2.04699	3.67706
1.47341	5.32895
6.65929	-3.30577
-2.43633	-1.80842
0.54005	-5.4626
-2.42892	-1.97281
-1.54662	-0.99893
-1.46859	-1.18339
-1.82703	-15.9764
-14.8324	-3.64679
-4.37412	-12.7514
-12.866	-3.49095
-6.81661	-6.37638
-2.1712	-6.79261
-7.98274	-8.12441
-2.82888	3.04696
-2.07007	-5.54781
-5.03821	-0.24432
-1.18258	-6.11137
-3.73733	4.43558
7.84026	5.35901
2.26057	1.09646
3.98532	3.60299
4.62055	5.75
5.1228	-19.1454
-18.9968	-9.19097
-8.22327	-4.58281
-3.49792	-1.8119
-2.21604	-6.74893
-4.43964	-1.64504
2.11298	4.78843
4.1585	0.720394
3.15028	0.425828
1.16364	5.39171
10.7181	2.73237
5.30424	6.61083
4.71292	2.36784
7.44003	3.1091
4.15998	-0.990018
-3.07988	0.336161
1.74608	-22.3194
-18.1995	-3.82859
-5.46222	-6.37147
-7.38817	-6.65447
-9.28606	-7.58298
-8.25217	-7.76941
-3.49197	1.75485
4.04371	-3.91969
-2.35342	0.976544
-0.962415	1.87104
2.16544	-0.765732
-1.35122	-1.26051
0.73312	-2.48373
-0.974988	0.725087
2.16673	2.47566
8.96661	3.74951
3.01988	-17.962
-17.3989	-6.21522
-6.30398	-6.32009
-7.56029	-3.52175
-0.385605	-9.65356
-6.97815	-14.6769
-14.7718	-12.011
-10.2702	-0.949548
1.20659	-0.0177824
0.61078	1.03854
1.92879	-14.3552
-8.45092	-10.3558
-12.684	-3.85814
1.22366	12.2196
8.4173	6.29252
3.98294	4.63148
2.48473	-17.3196
-15.9782	-4.15982
-4.94796	-5.95209
-5.19344	0.957507
4.03747	-1.68594
-5.41219	-11.4652
-12.1839	-14.2061
-15.2918	-2.15009
-1.85773	4.48307
-0.762431	0.111395
-5.32189	-5.55492
-3.55232	-1.64628
0.202695	5.63275
7.27051	4.1422
1.95974	4.429
3.60137	4.84004
4.19355	-18.6342
-18.2851	-6.58104
-3.85755	-5.25902
-5.09466	-7.74269
-11.2102	-10.7605
-10.2699	-12.5073
-14.2084	-1.49302
0.722437	3.21674
4.76224	-5.27439
-9.24011	-1.31133
-2.80467	-10.6043
-10.4199	-3.02354
-4.9365	-2.45464
-1.78107	4.34388
2.58419	10.8087
10.8519	10.3292
8.7557	-13.8496
-14.7336	-1.98008
-3.28614	-10.1945
-9.72572	0.853819
3.57418	-2.77786
-0.610203	-7.60377
-4.82251	-5.46394
-6.99262	6.08242
2.91256	3.57969
3.85504	-2.02028
-4.88069	-10.4743
-9.76788	4.07787
5.63934	-4.07908
-4.9194	11.9318
9.05523	3.24476
6.5972	8.50543
11.1156	-17.0068
-15.9629	-3.79949
-4.55148	-7.42371
-7.00814	-9.99332
-12.4562	1.51731
3.28132	-7.64503
-9.53434	0.906065
2.52758	-12.8086
-9.40103	0.483291
3.39685	-7.89212
-1.73373	-6.52956
-7.6439	-5.19475
-3.02413	4.00751
6.60949	3.79769
3.87965	4.2802
4.48867	6.76124
4.39386	-17.5376
-17.5203	-0.877451
-1.33468	-5.84905
-5.8971	2.67551
4.18899	-3.81905
-5.28752	-4.30363
-3.8441	-8.10029
-1.52345	-3.82334
-2.83402	4.43116
1.04615	0.33136
-1.3324	-2.24104
-3.98117	-2.96053
-3.11574	-5.90972
-10.8989	-0.930647
0.905694	-1.03163
0.851778	3.78795
3.08535	-16.4948
-17.0642	-2.96723
-4.22827	-2.73918
-3.60519	-6.27304
-4.15152	-3.38062
-4.04033	-7.11777
-10.2084	-14.3071
-12.7538	-7.03194
-8.46802	0.414264
-1.57356	-4.77334
0.624579	-6.28416
-7.6805	-0.695491
-0.750474	-1.1562
0.429632	-5.4774
-3.43781	6.32013
3.55072	5.66906
5.40252	-16.9825
-15.4748	-5.28601
-4.94684	-7.35061
-4.7681	-2.78217
-2.31063	0.923962
1.57987	-6.21946
-3.40433	-9.1978
-4.51238	9.04425
9.96392	4.64956
4.38116	3.7821
-0.304001	-3.78569
-0.545117	0.395455
-0.446554	5.97393
7.87648	2.81892
3.34367	2.986
4.71695	0.334746
0.780309	-19.8976
-21.192	-2.5302
-4.20352	-7.55874
-8.00326	0.91899
1.7646	1.36408
-1.71464	-1.19832
1.46287	1.33829
-0.487542	-0.0901304
-2.6389	-2.18379
-5.44166	6.65017
4.07598	3.89592
0.961261	2.84506
-17.0892	1.50145
1.10479	-4.62336
-5.17923	0.541798
0.949286	1.82997
-3.19366	-3.04027
-1.44974	3.60172
-0.818283	-6.15773
-1.92274	-3.33463
4.27838	8.26283
4.61415	1.68093
-4.15085	-5.75223
-5.65745	8.42999
6.74463	2.52994
5.98083	3.4357
3.13487	2.86512
5.46268	-18.559
-18.7761	-10.048
-9.06419	-6.03781
-8.24697	0.241124
0.898153	-0.917778
1.10407	-3.36969
-2.64033	-10.4853
-11.1665	-2.91332
-1.17388	-8.14144
-8.07509	-6.16399
0.614009	-6.89909
-9.40038	0.976806
-0.0598654	3.59847
1.99318	-1.03017
1.17386	1.40827
3.21113	6.56438
4.50187	-17.1808
-16.855	-1.51238
-2.91185	-11.394
-11.5431	-5.41412
-2.21755	-2.68501
-4.89744	-5.07034
-4.08667	-13.7396
-17.9574	-11.8872
-12.6536	-1.25217
6.87903	1.54379
-4.54042	-2.01325
-7.15305	-6.65939
-5.10536	2.44121
2.90291	11.0568
10.474	8.76134
8.12826	7.31357
5.8841	-15.3121
-15.913	-4.46109
-4.50188	-8.36541
-11.8119	-9.09322
-7.09156	-4.97732
-5.287	-12.5254
-7.6582	-2.43341
1.30172	-7.18759
-6.50287	-2.74539
-4.9344	-13.2365
-7.6361	3.15195
2.05939	-0.653746
-1.42898	7.50817
11.8122	1.81091
4.92441	4.30523
7.32439	0.236699
2.07308	-15.4242
-15.2198	-6.3311
-5.26253	-9.25425
-12.202	-7.15177
1.82706	-2.48572
-2.80361	-4.38848
-3.0099	3.02649
2.42146	1.43736
-4.37794	5.2015
6.79711	-2.21749
-1.59201	1.98037
1.40504	4.42906
2.12556	1.73747
3.14268	4.47058
7.34443	5.29125
5.27668	4.74264
5.83242	-15.1996
-15.4199	-5.55084
-5.14905	-9.0693
-9.59707	-12.2499
-9.58884	-10.6956
-11.4385	-5.64733
-2.72519	7.12901
4.88701	8.68388
3.86678	3.81819
0.850504	-1.62604
-1.57818	6.72783
1.27176	5.14331
6.75915	1.83759
0.0446392	7.72587
4.66416	4.07939
2.46548	1.77825
1.1567	-17.2935
-18.9589	-6.55995
-5.5259	-3.24627
-3.68738	-4.46347
-4.99382	-4.60821
-1.15745	-2.92476
-1.25403	3.01436
-1.19468	-7.09806
-7.33151	-6.97972
-3.96344	-4.50644
-5.26604	-3.41786
-0.520356	-2.44064
-4.5422	-0.258629
-2.03069	-2.52981
-2.32762	2.12019
5.31113	7.32593
6.01556	-18.8241
-20.9081	-1.93681
-1.81561	-5.81554
-9.36681	-2.34591
0.316274	3.00246
-2.47012	-0.925132
-3.37294	-11.4099
-17.1734	-8.44313
-5.34077	3.78438
4.8461	-0.881551
-2.33028	-7.85921
-13.9486	-9.20544
-13.3088	-6.70931
-4.89653	4.6764
5.91714	10.1014
9.88331	9.77818
9.3719	-15.5735
-15.7227	-5.04025
-4.33295	-9.76975
-7.6912	-4.83548
-4.94206	-3.20675
-2.84456	-4.51738
-4.53035	-5.99989
-0.676242	2.47426
5.35083	-2.64069
1.62427	0.921716
-1.41308	0.0292069
0.93862	-0.710308
2.01816	7.64906
5.44253	2.11711
4.39649	2.95252
6.43179	6.74147
4.442	-16.5586
-17.8127	-1.91576
-3.38107	-4.51824
-6.8491	-4.03488
-2.18686	-8.96233
-7.89354	-9.20398
-4.19907	-6.86398
-3.26761	-11.1417
-6.65486	3.4597
2.62271	2.35395
6.73628	0.405009
4.80926	0.529858
-0.441639	3.29023
4.24332	0.904463
0.688829	1.5361
2.65894	0.697155
-0.131046	-18.3682
-16.3612	-0.278782
-3.98522	-10.9621
-10.8492	-4.94297
-4.73344	-2.8274
-2.54496	-8.01008
-11.0715	-1.66012
-2.50793	-5.16227
-10.7494	2.17639
1.28244	-0.636793
-3.62912	-6.25613
-5.32737	-11.0205
-7.80515	-4.39242
-4.99738	0.0749973
-0.654071	3.70879
1.50176	3.61574
3.17748	-20.437
-20.3185	-3.49003
-4.97143	-2.06057
-2.03433	-2.87128
-2.47363	-3.94218
-7.38963	-8.73962
-9.647	1.20494
-2.30886	-1.68341
-1.76698	5.16978
7.39248	-0.744883
-0.837342	-6.16064
-8.56183	-3.14225
-2.64969	2.58239
3.5577	-0.912933
-1.70522	-1.28626
-3.20852	-1.18139
2.58856	-16.7129
-18.4192	2.34928
0.083381	-3.65218
-4.31482	-4.39537
-0.700112	-6.02439
-7.35347	-6.93286
-4.95994	-6.52714
-7.18976	-1.62452
1.7187	-1.65283
-0.701609	-1.95146
-4.04488	-14.2949
-12.1328	-2.84789
-0.650771	4.93019
0.820541	5.04255
6.25294	6.02062
6.44365	5.23952
5.25614	-17.0344
-16.7768	-4.96877
-4.90591	-4.29245
-4.28415	-2.15934
-4.49507	-5.53302
-3.27441	-17.3298
-8.65133	-9.80208
-8.95814	-9.54604
-6.60752	1.03629
2.08834	4.5496
8.7295	-1.71781
1.21218	6.80294
4.79341	4.09475
8.69807	2.93767
1.90081	0.772389
-1.82836	1.93336
0.694792	-17.8357
-20.0476	-7.57429
-7.74726	-9.43096
-9.99926	-3.97445
0.107549	-4.17849
-2.42466	-7.80254
-7.54861	-2.16424
-1.72571	-2.69883
-5.16667	-5.25591
-2.34186	-4.49641
-6.60093	-6.58041
-2.62706	5.74004
5.01837	5.21641
4.34839	7.37437
8.76594	8.76813
9.01253	10.5924
11.4404	-15.453
-13.7142	-5.54726
-6.25177	-9.16517
-9.96584	-10.0628
-9.98477	-0.505111
1.37415	-7.80832
-15.6919	-19.3735
-16.8624	-4.00499
-1.83732	-7.52255
-8.31485	2.28077
6.49777	-6.28558
-7.34034	-8.35878
-9.62551	0.516257
0.413935	5.75621
1.24319	2.04739
-4.12981	-0.339734
0.684452	-15.3355
-16.8717	-4.41169
-5.34844	-6.1757
-8.04061	-2.32522
-1.63424	1.20583
-2.56197	-9.33645
-8.71285	-9.56687
-9.65734	-8.0929
-5.75002	-0.937933
-1.33743	1.1744
1.09552	-2.94221
-2.81538	-1.89059
-3.39605	-0.315401
-4.17453	-7.09567
-6.00317	2.27522
1.96071	3.47787
1.52721	-20.4102
-19.3397	-2.04216
-3.54426	-8.78021
-9.41042	0.0730844
-1.74083	0.51619
-0.538313	-5.05313
-8.48577	-15.1266
-14.6394	-5.90597
-6.36638	-0.511182
-1.2429	0.71761
3.62346	-4.52901
-3.25898	-15.6114
-11.322	-10.0646
-8.44318	4.7641
3.52629	9.89912
6.0492	7.14799
6.95714	-14.6993
-16.3835	-1.80545
-2.95747	-9.94379
-8.78725	-1.08371
-2.37174	-6.75768
-6.70165	1.47281
-4.84347	-8.7554
-12.3064	-2.17612
-4.12046	3.97113
3.79181	-0.103041
-3.28281	-3.12764
-6.63847	1.70556
0.821162	10.2578
8.94852	9.09783
8.7316	7.83375
7.40389	5.49902
5.69837	-19.3398
-17.6947	-3.42532
-3.60671	-4.89651
-5.13488	-0.291052
2.22717	-9.97566
-8.59247	-10.8332
-6.94324	-6.40176
-6.93016	-2.00444
-0.932325	7.28038
5.59961	-3.34383
-2.64876	-17.4535
-12.9662	-8.27113
-6.51357	-1.06537
0.932327	0.819905
0.866998	0.823954
-1.00588	-4.07373
0.665454	-19.976
-18.2556	0.251389
3.00316	-4.06914
-5.46233	-0.915871
-1.38893	-8.6878
-9.8826	-9.18436
-10.0142	-1.42159
-3.02649	-6.52045
-5.25774	0.925162
-0.795268	-6.37155
-8.20506	-10.6184
-12.8255	-5.05064
-6.60653	-5.04048
-6.34606	5.93762
5.32595	4.08134
1.19499	7.06224
5.76312	-16.3312
-16.7903	-7.03256
-7.68225	-3.54259
-2.50098	-0.229074
-1.41522	-5.2484
-6.082	-15.5054
-14.7488	-6.41335
-6.07204	-7.18432
-8.1523	-5.66459
-4.07638	-4.98781
-0.280423	-9.73087
-12.2063	-10.6522
-12.2841	-3.18201
-1.12823	4.6472
0.693632	5.81032
5.08422	3.64135
3.7879	-15.5067
-15.6202	-5.66141
-5.60041	-11.7207
-10.4263	-3.38301
-2.80829	1.90586
1.53595	-7.21949
-11.7177	-12.196
-7.73193	-0.294024
0.405401	0.099965
-1.76544	-10.1712
-10.6236	-1.73854
-6.41714	-1.56531
-2.09941	2.56363
2.53668	12.6736
7.82616	6.94329
6.76233	1.6608
-0.0472241	-18.6026
-19.0222	-7.17673
-6.65182	-2.91277
-2.76938	-5.65292
-6.61472	-3.22136
-4.09011	-9.43069
-8.8227	-12.2502
-13.824	-1.75857
-4.41592	4.09694
6.54754	2.54394
4.04179	-11.0067
-8.35739	-8.22817
-4.50137	-3.76831
-4.29516	3.88704
0.520512	7.30375
3.95299	3.88487
10.0334	-15.9651
-15.2312	-4.39521
-3.96409	-13.6125
-12.0786	-8.52125
-4.80877	-2.66754
0.321895	-6.1583
-5.2669	-6.14568
-5.94659	-1.01201
-4.01125	0.572286
-3.28634	3.67923
4.42822	3.40118
-1.03671	-8.3979
-4.44112	5.17658
5.45065	3.97114
5.52182	2.10024
0.948205	1.066
1.12389	-18.7
-19.5639	-7.50325
-5.84876	-0.697458
0.0198742	3.75183
-0.769522	-3.20218
1.26535	-2.52989
-3.98804	-1.84477
0.540795	5.56785
3.3945	5.27154
0.925483	2.9829
-0.402925	-6.75325
-7.7717	-8.75752
-6.13168	-0.811032
-0.937935	2.78485
3.06065	4.69503
3.49922	5.91142
5.25602	-12.9769
-13.125	-2.1423
-1.94331	-12.5395
-14.4673	-1.16814
-1.5466	-7.42024
-4.77321	-5.42722
-4.72035	-10.5741
-13.6357	-5.4617
-10.7749	-5.699
-2.79653	-0.666686
0.496158	-12.7897
-13.31	-1.89937
-2.03004	-0.653999
2.7798	3.00804
5.27758	2.20007
0.323346	-0.252696
-0.00988431	-18.0432
-17.9428	-4.66785
-3.68542	-8.72143
-6.30896	-2.96592
-5.86607	-3.42947
-1.48063	-4.68271
-5.48539	-9.59886
-9.68955	-8.42989
-12.4839	0.613845
-1.37916	3.67801
8.29906	10.6254
7.93745	4.92108
8.15621	1.47218
2.40428	2.66325
-2.97294	1.17882
-0.530801	1.01379
3.72709	-20.6286
-20.3215	-3.48085
-2.80935	-9.09578
-8.45693	1.78125
-1.96567	-0.0149209
-5.4333	-5.46963
-5.88714	2.02441
0.581121	6.46931
-1.13783	5.06609
5.0262	4.3409
1.3674	1.83204
1.9377	4.11848
2.96337	7.43102
0.66491	0.894529
-0.0369314	1.06979
3.66016	6.02813
5.71061	-19.8651
-20.2081	0.725721
-2.03142	-6.09332
-4.84164	-0.41781
-4.06312	-4.78744
0.702526	3.63529