0.561592	-4.45921
-7.4976	-0.549712
-4.77515	1.67267
-0.757295	0.12635
1.95679	4.9491
6.34579	4.57628
2.90524	-5.02161
2.13971	1.32143
0.96332	-3.46574
1.14035	-2.97063
0.189183	4.54506
0.900875	2.4604
2.92548	2.69581
-1.63441	2.73478
1.47302	-15.0705
-12.8261	-6.05018
-8.02356	-3.05012
-4.83937	-2.53313
-3.07245	-9.29947
-10.8156	-4.71375
-4.62346	-5.05357
-5.51411	-6.06505
-1.05231	-1.28562
-2.13595	0.902955
-1.62924	-5.44868
-2.15452	1.37178
3.78774	0.629306
2.09623	11.2975
10.625	8.88802
11.5001	3.03265
6.76685	-16.3183
-16.9232	-5.16777
-4.51833	-10.5759
-7.40736	-8.20156
-6.8079	-5.99198
-7.00096	-11.9821
-5.17907	-4.31917
-11.387	4.6336
6.20995	-4.14228
-6.43267	0.395032
-4.86228	-4.73066
-3.35458	-0.175825
-8.11684	2.56832
8.93967	6.30943
7.0981	-1.33533
0.509836	2.18177
6.1072	-16.7155
-17.0818	-6.60454
-6.7592	-11.8613
-9.89489	0.63725
-4.26061	0.601075
-3.73856	-1.32683
-1.97164	-2.67132
-5.86822	-1.63012
2.59498	-3.28551
-3.3819	-4.84677
-3.69702	-12.361
-11.7976	0.843998
-7.05258	10.364
8.51894	10.3628
8.50231	10.8514
13.4633	7.26955
8.1109	-15.7343
-16.4787	-4.52398
-3.49815	-11.4306
-8.60505	0.377295
-2.29183	-3.54845
-3.78264	-13.4308
-8.27709	-1.9072
-5.87439	-3.5674
-4.28491	-0.464713
0.179645	4.34186
6.65304	-3.74828
-4.62221	-10.9444
-7.1828	-1.40279
-2.8651	1.64418
1.61095	2.08166
2.46426	5.97416
6.1797	-14.5615
-14.7392	-6.74212
-7.56802	-12.9038
-9.77495	-0.995251
-0.103847	-6.57673
-7.43042	-9.09025
-5.3169	-5.3408
-2.48042	3.02461
4.55926	1.6656
-1.37697	-4.44839
-1.77868	-8.76704
-7.56427	-3.54735
-5.16086	-6.42738
-0.597015	-0.0933316
-1.65969	4.89874
5.65805	4.01385
0.530159	-15.3452
-17.0501	0.921334
-0.409447	-6.33978
-6.34388	-1.37777
-5.01518	-5.3245
-8.17447	-1.06779
-1.88916	-1.61813
-1.09098	0.401711
1.39079	6.19467
6.12382	-5.98478
-3.60347	-3.35595
-5.65154	-11.9285
-8.90319	-1.13751
1.00181	4.88159
2.17916	2.76095
3.18409	-0.691818
1.09167	-17.8058
-18.9253	-6.48502
-6.89025	-7.97306
-7.91312	-3.59537
-5.6056	-5.44983
-2.83323	-6.17833
-7.13248	5.75216
3.42496	-0.87571
-1.01061	4.18571
3.63971	-5.59454
-7.56635	-1.38116
2.52728	4.80793
2.27666	4.49664
2.96241	-2.79075
-1.0422	-0.847601
0.0943667	1.66553
1.24317	-18.8395
-16.908	0.762816
-1.97611	-4.20225
-6.90492	0.314914
-0.617177	-5.41424
-7.02656	-5.97669
-3.31931	-1.22283
3.80672	5.34625
5.12743	7.30439
7.28857	-3.67368
-3.89749	-5.49668
-6.91818	-2.7952
-1.98219	0.892659
-0.749742	-0.317599
-0.870039	-3.15574
-1.10418	5.91429
3.359	-18.7763
-19.2194	-2.04343
-3.62932	-0.871086
1.50303	-1.50447
0.843063	-0.287465
-3.49752	-5.94717
-8.46996	-2.13825
-1.03064	-2.44646
-0.768585	-9.81492
-7.47598	-2.12339
-0.38384	6.97624
0.181879	-3.76815
-0.942483	1.60976
0.860317	2.96301
2.93352	3.04222
8.04056	5.49302
4.76937	-17.5605
-17.0275	-3.00281
-5.39024	-6.86523
-5.77297	-2.83759
-4.53445	-12.1758
-6.57071	-6.29026
-4.33789	-3.61131
-5.16528	-0.0446318
-1.41256	2.71292
5.53916	8.00516
6.16128	-0.697957
-3.14753	7.44645
3.866	-1.08661
2.81117	3.2086
-1.67802	2.31299
2.42144	0.844482
0.329588	-19.0718
-18.7712	-1.58231
-0.823499	1.63375
1.33924	-4.28157
-5.77498	-2.33164
-7.91487	-2.65739
-4.69578	-4.08372
-3.1779	-0.220555
-2.11467	2.87062
3.86116	-2.13512
-6.02746	-4.49728
-5.81665	-0.168474
2.19365	1.47445
-0.0752782	0.626303
-0.0285788	2.35424
0.951462	0.190961
-0.200985	-21.3218
-21.1833	-2.66512
-1.44597	-0.274294
-5.84314	-4.6282
-6.71149	-0.702969
2.36805	7.34743
6.48485	-1.94982
7.63531	2.16181
3.43063	3.04779
11.7199	6.1566
-2.69673	3.26658
4.98725	1.09917
4.44123	1.73861
4.92152	-3.18921
-3.63002	-0.201583
-1.59154	1.77779
2.47733	-16.7209
-17.0257	-5.18225
-5.23139	-10.3034
-9.01986	-0.769753
1.03262	0.343806
-3.10685	-13.9173
-14.5859	-4.3253
-6.94843	-0.359913
0.725942	-9.43352
-6.94847	-8.94192
-5.2374	-14.8964
-12.885	-1.26076
-5.49936	3.56611
-0.150862	8.6945
7.68135	3.62428
2.49071	1.86191
5.85496	-15.8323
-16.2684	-5.87216
-4.505	-11.6384
-11.3781	-3.58256
-2.94643	2.88144
1.75865	-6.88606
-8.94162	-10.5539
-8.31755	0.806671
-4.70644	3.20407
0.736121	-3.3605
-4.16459	-8.95428
-7.50782	-8.97069
-2.56878	10.2966
6.08466	3.91939
5.0439	0.535271
-3.83651	3.32919
3.61245	-19.0954
-18.3287	-3.35085
-3.37508	-5.85805
-6.3687	-1.97182
-3.69077	0.983803
-4.20769	-10.1792
-13.2633	-5.54891
-7.35653	-8.84504
-6.76353	-1.62027
0.66215	-8.2341
-7.6904	10.0175
7.96337	4.10327
0.0445179	6.59884
7.25726	3.56077
4.70663	-1.41722
0.166064	1.35715
3.67984	-19.7194
-19.2703	-1.52282
-1.48067	-4.26447
-4.80293	-8.46411
-5.81693	-0.659551
-0.078047	-15.4697
-10.3692	-7.26602
-0.694313	1.82539
0.792137	-4.25947
-0.957242	-0.155782
-1.26185	-13.1321
-12.238	-8.34388
-6.65772	-2.69931
-1.90516	4.0638
3.46902	3.51603
2.56752	3.8933
6.95946	-17.7186
-17.7544	-3.1318
-5.10596	-10.444
-8.79261	-6.18588
-6.9898	-9.97125
-10.3473	-6.62875
-3.89397	-2.63317
3.33426	-1.92324
1.2369	1.75412
2.19399	-2.22125
-5.39018	-1.36101
2.4262	0.824913
-3.36338	-9.6832
-8.25939	-1.78475
-3.6343	1.50928
2.75734	0.0743949
3.78642	-16.1458
-16.7096	-5.37849
-5.63663	-6.77435
-8.46576	-2.0214
-5.94493	-2.94118
-3.63371	-7.25819
-10.1556	0.378713
-1.50645	3.46135
-2.78802	-0.255625
3.95729	2.9489
1.89951	-4.69816
-9.47407	-1.95834
-0.91666	-2.10874
-0.672835	2.41603
7.59637	1.88221
4.59445	2.57992
1.88736	-14.2759
-13.9612	-4.05316
-4.85283	-9.91685
-11.7099	-5.11948
-1.47198	2.93033
1.6615	-3.83555
-7.23942	-1.22229
-3.70789	-2.44542
-4.72167	4.27441
6.23681	-7.30836
-5.95779	1.53131
-3.63005	-2.07429
-1.77383	1.69227
-1.43195	-2.3543
-3.86315	-0.237056
0.978227	-0.311811
-3.00234	-19.4113
-20.3312	-6.79381
-2.81178	-3.02895
-4.08477	-1.84375
-2.65405	-4.15355
-1.41171	-7.41222
-5.62211	-13.5791
-9.11106	-5.82841
-5.57678	10.2612
8.27191	7.97064
11.7957	-2.6853
1.76963	-2.14894
-4.0994	-0.802532
-0.661752	-3.3755
-4.44821	2.95918
1.99057	-3.89427
-3.61643	-21.4612
-20.1858	-3.03339
-3.3414	-3.11542
-6.70275	-3.79456
-4.63	-2.04415
-7.1354	-8.76205
-15.4074	-5.55286
-1.59772	1.11674
1.79202	2.4937
6.84691	-0.797046
0.490088	-10.0737
-7.84692	-8.78238
-10.4976	2.25242
-2.26964	5.51274
0.246008	6.04787
5.10219	8.19442
6.42418	-15.3084
-15.2567	-5.78806
-6.14112	-14.9461
-11.7412	-7.38874
-8.17474	-5.85051
-8.09825	-2.1195
-1.73043	1.6214
2.02754	0.887061
2.58086	3.79482
-0.672871	-2.21041
-3.87736	-1.75281
-1.52987	4.93939
7.45156	-1.50355
-0.997511	5.37861
8.88416	1.04804
-0.723709	-0.063262
-0.0761869	-16.9823
-17.4922	-9.59221
-5.69805	-4.92503
-3.84526	-7.76176
-8.86642	1.47372
1.80651	-7.199
-9.14711	-8.09965
-9.03755	-3.56748
-0.89889	5.40752
4.16118	6.24138
2.80046	-0.354659
2.61596	0.818089
6.49287	2.50437
-0.440931	1.35616
-1.6842	-1.05341
-0.949661	3.44175
4.99412	-16.9633
-17.6315	-4.22426
-3.93173	-2.41715
-1.70077	-4.08247
-7.65495	-3.86969
-6.16074	-7.96041
-13.5449	0.516213
-2.32722	-4.61798
-5.01906	-0.366654
2.51719	-0.222079
0.461921	-5.80184
-3.91978	5.38112
10.6746	9.89815
11.9086	11.7423
9.15373	9.26554
1.10395	-4.37836
-3.2802	-12.3079
-13.4937	-4.36797
-6.61646	-10.6291
-8.39466	-11.9334
-8.06994	-14.706
2.69234	-6.52565
-8.06426	0.947657
-0.80469	3.64024
-1.19578	-0.158575
1.85894	4.84523
8.27145	-1.30438
-1.97964	-1.71922
4.43646	7.52414
5.32067	-1.89367
3.10813	5.34177
1.80436	-2.16491
-3.91028	0.252285
1.9465	1.37048
2.6636	0.927763
1.42424	-18.2398
-17.3274	-10.5349
-7.1415	-9.20045
-8.44931	0.465352
0.193719	-0.130405
-3.28745	-3.96986
1.56477	-3.71635
-1.49562	-4.4319
-4.16609	2.53581
3.52241	3.27199
-4.01971	3.84901
-1.68399	-2.31477
1.57537	4.70435
2.27343	6.76231
4.21862	2.23526
1.05822	3.05948
2.31219	-16.7919
-18.3004	-7.77858
-5.69386	-6.76017
-6.80915	-1.06214
-4.30212	-5.36541
-2.63254	-6.0839
-2.98362	-5.47615
-2.77268	-6.81848
-5.35005	-1.18667
-4.00974	1.05727
3.98945	5.61866
0.531869	-2.08661
0.422893	3.04762
4.55608	-0.232254
2.28558	-5.03177
1.56085	-2.01794
0.397638	-15.6373
-17.1221	-2.58969
-3.45682	-11.775
-11.6495	-4.66689
-2.81112	4.88781
1.66353	-5.55077
-5.48049	-4.28088
-5.41217	-6.83623
-6.55219	1.20446
0.933193	-7.32331
-5.57932	-5.09614
-4.69447	-4.85907
-3.91291	-4.16516
-4.73896	10.0676
4.91938	2.54438
-0.137284	1.54935
1.23109	-17.6649
-19.1415	-6.31687
-5.8518	-4.37105
-3.89188	-3.00288
-2.04129	-5.7429
-4.56271	-8.03531
-6.78022	-14.4645
-16.6473	-2.18408
-1.19366	5.18447
1.63941	-4.46408
-4.96715	-7.24706
-2.81686	-3.05804
-3.53173	-2.74008
-4.91188	-0.489139
4.04714	3.12369
2.70458	0.952291
2.30699	-21.7487
-20.5799	0.0864283
1.29477	-2.3585
-3.93611	3.4515
1.44155	-4.06336
-0.765948	3.96369
4.63009	-6.58341
-8.3184	-9.68696
-6.19235	-4.73877
1.77172	-0.334907
2.15001	-5.83268
-7.07009	-4.81662
-4.33014	-1.93756
-1.3738	2.98526
1.08622	2.54894
3.78364	1.73975
3.69867	-14.7077
-14.5148	-6.49403
-7.5301	-9.82994
-9.98093	-3.96658
-4.93906	8.48709
12.4078	-2.98592
-5.78292	-6.3523
-2.8304	-5.05277
1.58189	3.19667
8.48348	4.80581
4.67375	7.26202
3.05344	0.441101
-0.823797	-3.30377
-0.89589	0.345384
-1.24724	4.02854
4.9673	-1.08354
-0.704426	-16.4351
-15.8277	-5.19991
-5.6603	-12.3629
-14.1889	-4.12465
-4.61275	5.62355
1.2518	-6.47308
-6.52011	-3.58669
-3.01171	-4.37202
-4.61791	-0.219634
-0.312312	3.51786
1.0075	0.653184
3.4169	-4.57728
-6.01034	-3.44628
-4.0502	0.377975
-3.6004	1.18198
-2.38947	2.04087
5.69378	-15.5282
-16.8186	-4.3171
-5.80973	-4.51929
-4.55593	-0.157522
-0.158762	-2.85472
-3.89674	4.52914
-0.699099	-3.27205
0.552015	-1.22854
0.338543	2.43179
3.99737	-0.0554601
-0.0591556	4.37169
7.21232	6.75992
10.1554	2.61192
-0.843539	5.15067
2.21549	-0.254411
1.00343	6.3459
6.8263	-18.4054
-18.2078	-4.49403
-5.2762	-1.91816
-4.37889	-5.64023
-7.12522	-2.04182
-4.68009	-12.5346
-10.1449	-6.24201
-4.87733	-1.68191
2.95982	-1.21108
-3.73612	5.18739
3.16404	11.7554
8.27852	13.9667
12.2067	10.3056
6.27329	-9.60009
-7.73161	-1.47578
-3.52566	-2.42018
-2.23948	-20.1627
-20.9667	-2.36622
-5.75085	-6.33418
-5.61883	-3.12349
-2.76142	-3.19466
-1.48092	6.45282
-2.73974	-1.07949
-2.52071	1.95475
0.35027	1.33801
-1.7592	3.15354
4.31679	1.40061
5.49745	-1.65517
1.25462	-1.74669
-1.13769	-1.55316
2.63253	3.63073
5.87648	6.11833
6.72217	4.95527
4.3671	3.41167
4.49169	9.51035
9.74923	9.91372
8.95562	-13.6411
-14.6247	-3.08879
-4.05606	-13.4638
-11.9857	-11.2965
-11.9847	-4.97174
-3.52065	1.74968
1.43203	3.04442
1.42221	-1.79819
-6.72445	-9.38478
-6.56621	3.34797
1.10702	-2.2043
-4.60974	-2.80015
3.4692	3.53172
-0.238324	4.87066
2.97898	-0.323722
0.0642925	3.62178
2.25955	-18.4538
-18.5022	-1.82471
0.534618	-4.70743
-5.74522	1.55704
2.29012	-3.91033
-2.55415	-8.04085
-7.55983	-15.2436
-15.2048	-1.99099
-2.0287	-5.32134
-1.76437	-3.94844
-1.40579	-14.3554
-14.196	4.17814
4.23399	8.97846
5.54818	5.64524
7.08806	5.31712
7.12811	2.95547
5.27959	-15.9369
-15.914	-4.09314
-5.60769	-10.7948
-12.9248	-12.3075
-9.66064	-8.27768
-9.04181	1.18053
2.27507	5.81744
5.07853	5.43499
6.23083	6.57529
4.93767	4.29253
3.37064	5.70001
7.31703	4.81141
4.34493	-1.36333
3.47145	7.0888
8.77411	3.19015
3.69037	-0.057624
2.28795	-16.9902
-17.8727	-5.39666
-5.87476	-6.66271
-7.21778	-1.83892
-2.36409	-12.4732
-13.6696	-13.5065
-11.8463	5.61513
2.09301	-1.69403
-0.143192	-2.39496
1.04129	0.0580526
-1.84919	-4.4224
-1.54016	2.79046
0.55307	0.748506
0.637062	6.4699
-0.487361	1.41119
1.86152	1.67414
0.171527	-16.2204
-18.1677	-9.02947
-5.65359	-10.9503
-14.1016	-6.76479
-6.53051	-5.18996
-5.06244	-1.18348
-2.58333	-4.49469
-8.38871	-8.7644
-8.19556	-6.09221
1.40137	9.81853
6.81963	-4.7588
-7.65407	3.24075
5.81823	0.614309
-3.2813	3.3741
5.42328	3.97985
8.92062	11.5952
9.07957	-16.3649
-16.3472	-6.92882
-6.4013	-6.13173
-8.99222	-5.91347
-8.0675	-12.0828
-11.0609	-1.39058
-1.63475	-2.94409
-0.216645	0.686649
0.431967	-3.25002
-3.77519	-1.38594
1.18146	-15.9719
-10.4788	-7.85907
-7.94104	1.77796
0.206396	5.13876
4.80234	8.59635
2.79865	7.92308
8.68765	-13.1763
-12.504	-5.36734
-5.09609	-9.26419
-8.26295	-12.8044
-14.5992	-12.3897
-12.3612	0.215297
-2.96976	7.01856
4.27749	5.91294
3.00619	6.93299
-0.382937	-1.71442
-0.786359	0.656661
0.18508	0.24362
1.72602	-0.299784
-1.81304	-0.295907
2.86516	0.83358
1.49157	-1.7633
3.09692	-16.8502
-17.9652	-7.60272
-7.50038	-10.0328
-11.5985	0.733312
-3.89911	1.55775
-0.935699	-2.22567
-3.38826	-6.27458
-6.79244	0.48496
4.09805	7.37963
8.10645	3.05106
8.62881	3.70668
-0.704742	1.48336
4.28189	-1.70416
0.630869	0.128065
-3.41391	4.3158
4.53687	-2.95245
-2.31543	-16.9126
-17.3751	-6.82692
-7.37351	-8.8942
-8.3318	1.81877
2.14616	2.39691
-1.34323	-12.122
-11.1516	-9.66319
-10.0489	-0.751394
-2.65531	7.42668
2.986	-3.00336
-0.20051	-6.65937
-0.0760824	2.54236
5.75939	3.66604
3.77135	4.42832
4.75583	0.486995
1.77099	1.34533
-0.236147	-18.4657
-18.07	-6.6232
-9.51791	-7.59365
-5.10728	2.11474
1.88646	-3.28805
-3.00533	-10.1402
-8.45174	-1.42672
-2.38954	-2.2708
-5.19412	-1.89282
-1.99912	3.78871
4.9241	-5.50277
-8.56638	-1.0488
-4.28149	-1.86782
-1.12021	9.99247
4.13982	3.12038
3.31879	3.02579
6.37746	-14.2164
-15.6756	-5.78854
-7.66952	-3.25928
-3.43539	-0.631393
-2.52023	-5.32621
-2.65195	-8.24649
-8.00611	-0.454152
4.4567	-5.28452
-4.49843	-2.95733
-4.85284	-2.66587
-1.72403	-4.26398
-2.21912	4.31339
0.406352	-0.156478
-1.0714	4.50457
0.458375	-2.83936
2.1805	3.88009
1.80172	-16.472
-18.6309	-3.91931
-4.81008	-3.99838
-3.17027	2.47919
3.41781	-1.10453
-2.84473	-3.43766
3.71728	5.19764
7.06153	-1.12794
-0.440186	-3.58425
-1.16315	7.77675
7.66538	3.78349
1.41088	2.73515
-0.168393	0.830537
5.35902	5.33422
1.27225	1.93921
1.20677	1.24683
-0.940827	-19.123
-18.3733	-6.81999
-6.31753	-10.4768
-7.41818	-4.82089
-1.27009	2.25047
2.58674	-0.437025
0.920314	1.16412
2.4103	3.00984
2.76606	3.99044
11.2058	2.05348
4.83441	0.83291
-4.34549	-1.81579
-5.5847	-0.113559
4.16372	-1.74256
-1.20341	-3.88246
0.739106	3.41524
3.5141	-21.5826
-20.7793	-2.59685
-0.788013	-8.43982
-1.81277	-2.66886
-4.86723	1.66729
-1.53644	-1.38017
-1.5414	-1.10161
-1.27964	-1.12194
0.805997	-1.9036
4.32131	1.55427
5.85779	0.954135
4.45097	1.6731
2.57199	6.06293
1.2269	-0.805482
-1.08374	2.96418
1.11575	-4.0691
-1.91332	2.95012
8.6929	-12.6913
-14.9555	-5.96512
-7.4015	-12.3718
-13.2552	-2.70301
-1.23439	-0.569023
-0.0833016	-5.71117
-4.98225	-8.31084
-11.2839	-2.58897
-2.31615	5.12859
7.49796	-0.728584
-0.890843	-1.92043
-0.727022	4.45518
4.54704	8.38326
5.19254	-1.62564
3.10463	-0.36409
1.76049	1.61631
1.85973	-18.5401
-17.8035	-3.10252
-3.1797	-4.19418
-3.36035	-0.5202
0.815579	-5.95728
-6.07523	-10.5088
-15.2186	-6.07318
-5.54913	-7.99648
-6.42549	-11.4461
-8.79249	-7.77988
-8.77767	-6.32145
-4.38152	0.653691
-0.774413	4.94182
5.57656	5.42369
7.2418	6.95055
4.91706	4.15523
7.75352	-13.7277
-14.2579	-6.16871
-5.13099	-8.28967
-7.64206	-5.53047
-2.04581	-3.37519
2.34003	2.62127
0.315999	-3.72343
-8.96709	-4.38891
-2.54678	-0.00756109
2.12808	-5.13654
-7.85225	-4.26799
-6.14385	-1.45106
0.0251007	5.25411
7.96881	12.7071
7.26408	11.2882
11.8046	3.65674
-1.75609	-17.1511
-18.5288	-4.29212
-4.88238	-9.93565
-12.4163	-5.20955
-8.85079	0.923729
2.98259	4.56175
5.25161	2.44818
1.6909	-1.98466
2.0385	0.653093
-0.774717	1.94273
0.856119	-0.730941
-1.19581	2.9921
-0.797543	1.14259
2.02609	0.701661
2.64229	0.125656
1.81878	-0.49158
3.558	-18.1699
-19.0566	-0.154759
-4.15105	-12.9948
-13.8097	1.18727
0.843361	1.27488
-2.1217	-12.9278
-11.3667	-6.69829
-12.4592	-7.15224
-2.7381	2.92878
0.0997746	-9.25809
-8.01322	-2.96675
-3.04153	0.538374
-1.23689	3.21798
3.38704	4.92937
4.99262	4.69639
6.79141	5.38328
4.2431	-16.7662
-16.4146	-5.09444
-3.02535	-12.0303
-12.8571	-2.29808
-4.35084	-2.2249
-1.97355	-12.5421
-12.7891	-11.1149
-13.1317	-1.13735
-2.57767	-7.20723
-8.98291	-7.87911
-6.83126	-1.23831
2.81332	3.03122
2.97587	3.66098
4.2669	2.73608
1.98733	5.57524
0.89984	6.36233
3.89111	-16.0819
-15.9034	-8.75382
-8.26128	-6.24777
-6.79876	4.36328
0.608652	-2.55285
-1.84038	-7.06092
-17.9141	-12.4153
-3.40616	-0.917709
-7.27904	-4.89319
-2.39737	-7.46777
-5.74379	-5.72241
-8.54292	-5.56274
-4.25066	-3.36455
-1.30612	-2.28161
-8.77305	1.47952
-2.57775	-1.83935
0.668576	-15.926
-16.006	-4.18486
-2.69042	-7.10994
-7.74209	2.22164
4.29002	-6.8352
-7.36011	-0.769399
-5.8801	-1.55209
-1.83082	-10.0279
-9.48415	-4.09182
-0.503274	-1.33386
-1.02817	-0.157018
-1.84559	-3.63407
-2.35919	5.85554
2.81798	4.64418
1.95854	1.71406
2.07949	4.07308
4.49611	-19.6006
-19.1236	-1.117
-0.274019	-2.6868
-4.28839	-4.88934
-1.21742	3.64994
2.74689	4.94141
1.36697	6.08484
4.98053	4.23121
5.57599	-0.596754
0.413051	-1.892
-1.7542	-2.20926
-5.77706	3.54793
2.4886	-0.0600438
2.83129	-5.67838
-4.69834	2.49269
-4.57022	-1.86792
-1.12123	4.95685
4.02985	-1.35462
-1.98312	2.42892
3.51843	0.875834
1.62767	2.91417
7.50542	1.50359
1.13342	1.95247
6.34425	-0.885559
1.78118	2.00925
-1.62652	0.486964
4.51462	3.10797
1.81279	-20.3324
-19.8796	-3.9701
-4.66253	-4.52163
-9.73426	-5.55343
-2.95038	0.0936177
-2.11823	-1.94061
-4.24955	-15.4685
-11.6518	-0.361551
-0.143365	0.395248
5.90604	-2.83993
-7.19196	-12.1917
-11.7841	-7.14366
-4.99275	4.52042
4.77955	10.8013
7.3922	2.62802
7.20363	5.65492
5.45923	-15.103
-14.2336	-5.90569
-5.15365	-8.49093
-11.0152	-8.11453
-7.17866	-8.96301
-3.51304	-10.7554
-7.07391	2.2635
2.54886	-8.24265
-9.70584	6.12765
1.98163	-7.47936
-10.761	-2.81941
2.10677	6.19385
3.9021	1.91787
5.17623	7.85043
7.72435	0.777247
2.76996	0.913604
0.646927	-18.4199
-17.4021	-6.49502
-5.191	-3.62844
-5.17788	-4.33399
-6.70373	-3.63559
-6.17746	-4.55944
-7.24352	-0.613529
-3.71977	5.7485
6.25561	1.92521
5.38962	2.96128
-1.14659	9.96429
9.63626	4.86637
2.86165	1.03225
2.63624	5.23875
5.16167	1.90357
6.57376	3.21504
7.2805	-17.7616
-17.0303	-6.72415
-8.49113	-8.24929
-5.17474	1.3082
-1.78668	-11.2064
-16.5629	-15.1423
-8.62659	0.446212
-1.18234	-8.31511
-0.103388	-4.47422
-3.54328	-4.25531
-7.93099	1.46617
-0.308983	-3.19964
0.11471	1.60918
1.50033	-0.787048
-2.72985	4.14841
3.05487	2.06649
4.11297	-19.3065
-19.0003	-5.95617
-6.25852	-6.10716
-3.52646	-0.0194572
0.700294	-5.16918
-7.49121	-1.88783
4.58081	2.49713
1.53344	9.20195
1.86404	-1.21838
-5.7832	4.95839
1.2023	7.49302
2.12496	3.85246
-2.89869	-11.8035
-6.72512	5.07257
3.4205	5.05431
5.21142	3.32316
2.6135	-17.1063
-16.416	-2.0221
-1.98552	-10.0235
-9.5482	2.05831
0.269741	0.0142178
-3.60431	-6.76642
-9.08273	-11.8601
-10.3734	1.32966
-3.6008	-0.722734
2.15871	-8.8058
-4.6301	-5.5832
-2.33765	3.20148
-1.21826	3.6658
5.38111	0.352487
3.36656	-0.730805
0.160008	0.0343222
0.0592678	-16.872
-18.6248	-2.56632
-3.81388	-10.9442
-10.8414	-1.88588
-0.0284909	4.70892
-2.3938	-2.25921
-4.56062	-6.62184
-11.7816	-1.11448
0.0347935	-4.64747
-0.928416	-4.21532
-4.27088	-4.40506
-5.06424	-6.7636
-4.83684	2.53879
4.47561	5.63568
6.2864	5.31566
0.985135	4.49909
3.23995	-16.1142
-14.6569	-4.83768
-3.81571	-7.23455
-5.34806	-0.37879
-0.518777	-3.21248
0.239793	0.826442
-0.686878	-1.4236
-3.17851	0.10189
0.0197915	3.10504
0.697328	1.22232
3.57326	1.57562
-0.714987	0.377927
1.52363	1.74545
2.53768	4.40296
0.175782	2.84606
1.98235	1.00437
3.20591	-18.2701
-18.9215	-3.13281
-4.65694	-3.06072
-4.24798	0.50441
-0.150336	-6.63253
-7.07655	-10.2174
-6.85651	-1.96371
-4.02898	-6.72859
-9.02725	8.45424
-0.00530678	0.694627
-1.95843	-1.76053
-0.181295	1.20198
-1.52416	-3.79536
-4.21282	1.50784
4.62595	-0.807035
1.19932	-0.254984
0.239999	-14.2216
-13.113	-6.60423
-7.41092	-10.7917
-10.7626	-4.8695
-6.24957	-1.70945
-1.46904	-1.33949
-1.89743	-8.00218
-1.55039	1.36739
1.68805	-1.3563
0.0144476	0.478696
-2.05578	-4.42409
-5.1716	-5.00775
-5.84965	5.73325
5.54944	1.19883
1.2482	-0.695539
3.64274	3.62595
3.65406	-21.6621
-20.4215	-1.59003
-1.85478	-2.80864
-6.1565	0.366369
2.39804	-2.44777
-3.30822	-1.15511
-4.81751	4.97278
1.56613	-2.70871
2.24224	3.47845
-0.112368	1.80403
1.00205	-0.477533
-4.99684	-6.3408
-4.71546	-4.47352
-1.24095	6.2993
4.22385	-2.26994
0.141401	0.100642
-0.197149	-21.1931
-20.4887	-0.426802
-1.35544	-2.99085
-5.82706	-0.762834
-6.07795	0.166146
-5.13749	-3.29721
-2.69128	-2.38143
-3.67345	-1.60353
-4.26977	-5.21803
-6.44955	-8.77822
-0.816459	0.560621
2.33776	-8.22924
-6.03542	-5.62254
-1.19864	-4.75426
-0.885379	5.85028
5.83143	6.27182
5.50267	-19.0463
-18.421	-5.91858
-4.22723	-6.42832
-10.1121	0.586871
-4.71385	-7.27623
-5.36385	0.890608
3.78124	-3.95398
-4.24735	-1.88813
-4.39946	-8.33611
-0.0374377	4.51978
5.21655	3.10069
4.61296	4.49365
3.46927	-0.738524
-4.5618	4.79791
6.58458	4.11827
3.39866	6.16716
6.71243	-15.9678
-14.8146	-5.77253
-5.24816	-10.316
-11.3998	-2.72103
-2.68103	-7.92796
-5.43638	0.728921
1.97551	0.730648
2.26973	3.71794
3.95058	2.28172
7.42568	4.41786
1.57916	-1.45975
-6.10912	-0.204704
4.13166	8.16549
8.95501	5.28089
5.71985	8.09748
6.96057	3.80666
2.70978	-15.7325
-16.5511	-9.24065
-6.1967	-9.49481
-9.67723	-0.566392
-4.58861	-4.80904
-4.30695	3.69427
-1.32243	-6.11464
-5.48844	-0.00736396
-3.95518	1.31334
0.753379	-2.7143
-3.46551	-10.2494
-12.9968	7.60961
10.6053	16.2411
15.4929	9.3032
10.38	6.75206
9.73914	5.60412
6.98211	-13.9173
-13.9285	-5.56423
-5.60498	-9.54486
-10.3063	-11.3393
-10.18	-7.19125
-6.95152	2.26639
2.48883	4.67345
0.0939732	-4.79182
-3.30133	2.58785
0.527401	2.1859
-1.99571	-2.15055
-5.09267	4.16261
2.07901	0.619271
2.83509	5.72321
2.79586	0.227324
0.592265	1.13872
0.176864	-18.1093
-16.243	-1.51686
-3.00831	-10.917
-14.2734	-4.87021
-5.17952	-4.69016
-5.74919	-8.38185
-8.81829	-7.75666
-8.12653	-2.2409
-3.49126	-6.50995
-1.11742	-3.31385
-3.88723	-6.59664
-5.05651	-3.61245
-4.33341	3.93932
3.29364	6.68242
8.68703	6.97651
0.829672	1.06479
-0.142818	-15.9447
-15.0609	-4.20668
-3.13813	-7.92285
-8.67438	3.92499
0.388399	-10.9161
-10.1226	-10.4407
-11.3499	-1.34094
-0.397885	3.23799
2.1152	13.7598
11.052	-6.4015
-4.87035	-18.1889
-19.0948	-3.856
-5.14172	-2.01819
-0.471987	10.5874
6.58184	9.59036
10.5405	6.73341
3.81828	-17.1651
-17.4906	-3.76615
-5.80453	-12.8326
-11.8876	0.319384
-4.89315	-5.73463
-3.78643	-11.5374
-8.74742	-13.975
-7.9099	-2.34911
-3.53161	7.36042
5.36922	-5.72526
-10.7479	-1.94827
4.21	-2.63283
1.41581	1.75375
6.24741	7.46826
8.56042	7.68651
5.35733	2.20763
-0.118225	-15.7303
-15.3113	-6.78038
-7.69648	-13.1119
-14.123	0.704677
-1.38307	0.976852
-0.556747	-1.81669
-3.95094	-2.34516
-9.74744	-10.1746
-8.14561	-1.73254
4.23482	-2.73371
-0.770426	-8.42299
-11.9837	-6.2392
-6.69981	0.919829
4.9338	8.61852
10.0968	0.847416
-0.606225	1.46966
1.45502	-18.9954
-17.7935	-8.40516
-6.77529	-8.62541
-7.70641	-4.07188
-3.79057	-1.80901
-0.659759	-7.34686
-8.49967	-8.98148
-7.16084	1.0278
-3.6275	-1.13901
0.464554	-1.4941
-5.24318	-8.60503
-10.5214	-2.78159
-7.78744	-0.415032
-0.0507309	6.44718
7.22132	6.93047
1.90143	3.38331
1.06291	-17.3464
-17.9857	-8.14913
-9.51833	-8.99015
-7.33283	0.637044
0.120516	-7.17347
-3.7922	-1.75825
-0.755313	-2.19607
0.449181	2.48149
-1.15917	-2.78565
-3.75264	9.87472
5.4486	4.07078
-3.54768	-8.48271
-9.55313	2.69886
4.27095	2.31131
1.74916	5.77252
0.271529	9.22976
8.57352	-13.7621
-12.6041	-4.17845
-3.18832	-10.4184
-10.1575	-11.4487
-9.69834	-13.7427
-11.5722	-6.38703
-5.31218	-4.86107
-6.21371	0.0470682
2.99514	1.94127
0.47599	7.61797
4.10744	0.26636
-2.58026	0.746159
-3.13558	-2.85985
-3.25881	6.88582
7.76905	6.18457
8.4628	0.365606
2.9489	-13.8733
-13.5947	-6.65105
-7.34257	-10.1309
-8.91092	-10.6571
-10.1181	-8.44957
-6.19615	1.72192
0.348543	5.97864
5.09895	5.28347
5.3332	1.32393
0.188328	3.47178
1.89769	1.75676
-2.42552	3.99128
5.62652	0.873502
-1.49522	5.29895
6.19764	3.31229
1.94799	-0.233762
4.18196	-21.5167
-19.8074	-7.9378
-6.6224	-8.7013
-8.17365	-0.022479
-2.38645	-0.785094
-5.25502	-1.92004
0.827271	-0.821451
-1.84815	-2.46291
-7.04266	0.537175
6.89345	-7.74546
-3.09586	-5.49536
-7.5996	-6.86326
-2.6816	5.40728
2.07234	9.29879
7.52301	4.10516
4.98887	2.11117
5.2858	-18.0827
-17.8773	-5.75239
-4.84818	-6.56831
-8.54385	-4.38741
0.0107356	-2.44929
-1.16503	-0.551284
0.563484	4.61129
0.268872	-1.52544
-6.44812	-1.33103
-5.48818	-4.5668
2.00548	1.29634
-1.58611	-8.78411
-6.56971	-3.64434
-2.71985	5.34155
8.21299	3.68674
2.77176	4.4099
1.70032	-14.2057
-14.3268	-3.47409
-2.07429	-9.79355
-9.84827	-8.16405
-8.39723	-9.27261
-8.36006	-2.65942
-1.48417	-2.18301
-7.00892	1.72477
1.93892	3.02471
1.44621	3.05085
2.41002	-0.109216
-3.02992	0.0498854
0.147622	3.61521
8.22981	5.10983
4.01402	5.6422
4.41614	3.75542
5.58869	-15.9226
-17.0335	-8.72663
-10.4386	-8.24581
-7.81578	-2.83455
-2.73122	4.9086
6.9237	2.05237
-3.46368	0.106236
-2.40898	-0.777355
-0.739815	-1.62925
2.93921	1.17402
3.23299	8.84552
11.189	4.9649
5.00036	-4.8298
0.512799	1.84375
3.39875	3.81725
3.70294	0.0598765
2.02307	-21.0125
-20.6337	-2.29776
-0.943499	-1.72291
-2.85037	3.90795
2.91407	-0.390437
1.3476	4.09714
3.12296	-0.914833
0.357636	-4.5943
-3.80246	0.000127627
-1.03917	-2.49147
0.170011	-1.76013
1.77603	-2.38866
-1.54695	1.09605
3.04943	1.44956
2.41309	3.17238
1.95945	7.04818
7.09859	3.10565
-2.28211	-4.30237
-3.13066	2.21115
0.317377	-0.325858
-3.24821	-2.31259
-3.01034	-13.8411
-14.5601	-3.08477
-2.88932	-11.9838
-11.2196	-9.02347
-8.39563	-7.06527
-2.43691	-8.60537
-10.4865	-10.4226
-7.85684	2.72377
1.62635	-0.5727
1.59728	-0.582201
-2.67231	2.7217
3.13838	-9.38384
-7.8732	6.77304
4.83429	11.1143
11.0619	7.80956
7.7467	4.84696
6.81369	-16.7115
-17.882	-7.56377
-8.80015	-11.7199
-9.52912	-8.5892
-5.74064	-3.9583
-4.99464	-9.51298
-10.8353	-10.4227
-8.51935	5.2115
9.07656	-2.77205
2.94551	-2.17213
-1.77667	-10.8097
-5.23806	-7.8846
-8.55041	-2.52137
1.82138	4.49727
5.37183	0.0118035
2.54509	7.49436
2.76642	-17.8419
-18.9179	-4.91685
-4.05161	-4.05708
-7.8499	-8.62387
-8.6956	-2.73746
-0.0573161	-9.92608
-9.53501	-6.19338
-3.13168	2.03754
4.9387	4.57898
5.86161	0.420285
3.27157	-6.77868
-9.62588	1.49147
-2.14851	-1.83044
-3.25061	6.1891
6.88246	2.22961
3.66337	-0.0766604
-1.84841	-16.4764
-16.9159	-4.57376
-7.72193	-4.10217
-6.6233	-2.79673
-6.87515	-1.75149
-4.60438	-16.4327
-14.273	-4.76783
-4.86824	1.26108
1.69	-10.1463
-5.7912	-3.34436
-3.15579	-6.22628
-2.95152	-5.14411
-7.01438	-1.6531
-6.22048	10.3851
10.1473	13.807
11.8262	9.64269
7.86746	-14.2427
-14.0897	-7.10239
-6.95008	-9.46511
-6.52934	-7.27472
-8.20747	-11.3475
-11.886	-3.00397
0.949403	-3.18431
-2.54842	0.372512
-2.09384	-0.490945
-0.781186	-2.60994
-4.10777	-19.115
-12.4773	-4.5518
-4.99371	3.10476
5.27559	9.22335
7.12785	9.63944
7.68802	-0.0890719
0.961553	-17.3415
-17.3515	-9.3821
-8.44796	-4.88196
-2.62837	-3.20416
-7.71875	-9.2626
-10.3374	-4.28772
-0.549805	1.596
4.11146	6.41804
4.21462	2.32969
-1.10502	-2.30167
-1.37135	-0.366206
-3.52019	3.623
1.52675	1.75116
4.80546	5.15099
7.62728	8.20616
5.61776	4.65092
5.78349	-16.3703
-16.361	-7.6245
-6.26552	-9.66123
-6.51501	-0.524068
-5.45329	-6.3935
-1.31242	-12.1135
-11.1719	-3.7128
-3.3307	5.16944
4.20687	-2.39663
-6.64335	-6.20701
-6.90916	-3.89895
-1.13006	-3.12844
-1.45734	2.18123
-2.23834	4.3267
1.41414	10.5246
6.96029	2.69647
1.6605	-16.6056
-16.7038	-4.92003
-6.68293	-2.66936
-4.58617	-3.11226
-3.70351	0.07954
-1.63506	-12.7282
-11.405	-5.66417
-4.50184	-8.5548
-6.16925	-2.36466
-1.36028	-8.73118
-10.6984	-1.84029
-1.2078	2.54499
0.62639	1.36486
-2.88633	5.78979
4.05584	0.401617
2.23654	5.35796
6.29732	-14.0955
-13.4038	-4.66394
-5.81949	-9.99109
-9.33322	-7.72937
-6.43511	-4.86149
-3.72164	-0.00188136
1.05815	1.62624
1.70111	-3.97893
-1.77165	-3.09399
-3.42716	2.68851
8.01226	-3.61919
-4.26446	5.58027
5.95722	-2.29803
-1.65078	6.7366
6.53119	-1.07986
0.323841	0.829047
4.18747	-13.7076
-14.3103	-5.56612
-6.41354	-13.9598
-13.5572	1.30687
-1.93572	0.00258812
-2.58096	-11.7653
-13.7708	-7.43516
-7.95489	-3.61478
-3.69175	4.71164
2.10107	0.346579
-0.35585	0.115167
-3.30295	-0.698758
-0.506838	0.602092
-2.42895	2.47956
-3.21185	3.90081
2.82395	1.00852
1.55426	-21.113
-19.9952	-3.94981
-3.76926	-4.53874
-4.1986	3.25722
2.40158	5.36737
3.42203	7.70796
2.54998	-0.831749
-2.10757	-0.367744
-0.952646	-4.55995
-2.23038	0.462653
-0.143632	-4.04869
-2.61808	2.60014
-3.22502	-12.9573
-6.37082	1.98133
0.907988	1.55398
-2.97088	1.81094
0.710454	-18.7919
-18.628	-6.61384
-6.44394	-5.26382
-3.51516	-0.0701
-0.123572	-3.40903
-2.24745	-6.21143
0.456735	-1.3518
-1.19391	2.41488
1.8406	3.08447
8.2751	2.61777
0.838268	-0.273757
2.13721	-2.98159
2.14047	0.86575
6.35539	9.58867
11.2082	-3.31475
0.495521	5.61344
6.27182	-14.7406
-14.5285	-8.22972
-5.04409	-13.641
-15.3304	-6.39803
-1.92775	-1.57844
1.71638	-5.43828
-0.639293	-2.0389
-2.57736	3.8312
1.30928	-0.610671
0.79106	11.3404
4.51825	-0.911324
-1.83041	1.14804
6.21036	-1.15249
-2.59227	0.974188
1.63173	-0.663473
1.62753	2.3474
0.855258	-16.9094
-16.4345	-6.17109
-10.62	-11.241
-9.45523	-6.41902
-4.30718	-5.22621
-2.76049	-8.89704
-6.91716	-8.44824
-6.65884	6.90519
0.276845	4.0837
7.80558	4.56687
2.78421	-9.69862
-6.50962	-2.5732
1.85565	1.87448
4.24805	1.11583
0.580699	6.04687
0.991076	4.37719
2.60427	-21.1382
-20.8998	-2.27573
-1.30515	-0.912675
0.0670702	-2.62671
-4.42237	-2.84523
-0.675716	-11.1673
-5.76854	-14.8655
-9.95793	0.685761
-1.15474	-0.0976952
-5.22876	1.90216
-2.09377	0.206947
-1.00095	-2.75549
-5.13289	0.758374
-0.785993	-2.01816
-3.78087	-3.93752
-2.2064	2.56326
0.492389	-15.0257
-16.0309	-10.1395
-9.10054	-7.30947
-7.18372	-0.625079
-1.42477	1.10589
-2.50789	-7.12674
-4.49545	-17.4017
-13.8286	-5.43049
-4.16852	-3.19649
1.16708	13.9285
7.39166	2.76858
2.95689	0.148974
-2.00937	6.37161
0.641166	5.29721
4.81425	2.3128
4.75874	4.32344
1.83471	-20.2948
-21.5822	-1.40049
-2.28224	-5.02571
-4.4898	-0.159953
2.37461	-1.22006
-3.83849	2.87909
4.70102	-5.39981
0.83115	2.19404
-1.87631	-2.20919
-3.83913	0.896431
1.61617	5.64631
1.5759	-5.05029
1.49234	10.5342
8.41136	6.56089
4.22207	4.47726
4.13725	5.10214
1.70951	-6.2015
-5.65484	0.212963
-0.0505395	3.5289
5.63363	-2.49621
0.274872	1.71496
1.03155	-20.828
-21.5856	-8.06747
-6.4411	-4.8983
-5.14342	-3.16502
0.0665147	-6.34363
-6.86081	-8.46064
-9.45884	-2.28127
-4.66139	0.301747
0.545337	-11.2353
-9.05363	-0.73149
1.21293	-12.7747
-12.404	-1.71193
0.265235	-1.83777
1.39912	10.1434
9.47593	2.74821
0.408645	5.14394
5.93099	-15.396
-13.918	-5.79006
-7.29489	-8.7468
-7.42784	-11.1845
-12.0796	-4.60161
-4.30225	1.40333
-0.681823	9.76489
8.20128	8.43623
5.64393	-8.62195
-5.18133	0.316371
-2.30119	3.4206
1.27231	5.74298
8.07247	3.03176
0.168537	4.5367
2.84294	1.50392
8.17129	-0.559202
0.0757646	-15.2177
-14.9219	-7.87643
-7.12292	-10.146
-9.82412	-9.16892
-8.46278	-4.08896
-4.95764	2.46406
3.15203	4.0118
1.12888	-5.35089
-4.20489	-5.9769
-2.1948	-2.84843
-3.77857	-4.48498
-0.540156	-0.473032
-4.05337	-2.75975
2.72127	5.52108
5.12942	4.59703
3.05211	8.57622
7.07861	-18.8613
-18.7733	-7.84539
-5.00599	-8.84726
-7.90794	1.8778
0.994667	-2.73858
-0.805239	-2.09267
-1.70428	-13.9259
-15.3337	-5.49183
-0.887338	8.43965
5.41572	3.53696
1.52068	-3.71932
-2.60698	-3.80386
5.11812	5.23647
0.683541	5.9259
9.0101	7.06809
3.95623	4.6128
1.82516	-15.7492
-16.2866	-6.74911
-9.74372	-11.2486
-9.95254	-2.74466
-5.03026	-2.64001
-1.85375	-15.4088
-9.15213	-6.63656
-10.5322	-1.57495
-3.23826	8.02286
6.92528	0.442587
-0.588201	-8.68116
-4.58759	2.4118
5.62064	5.69895
7.05537	5.40945
5.20944	8.63182
7.99285	4.40326
5.18017	-17.3867
-16.6939	-3.63782
-1.65589	-6.94897
-7.48214	-5.35825
-0.17117	1.95059
3.19749	-3.69677
-2.44754	-3.46991
-0.847779	-0.210614
0.131214	0.724113
4.22762	-3.70826
-0.261102	-1.77388
0.539672	2.88134
-0.620494	1.62706
1.46895	0.176347
1.83506	-0.359758
0.589974	4.52942
3.8365	-17.4452
-17.5841	-1.26916
-1.47621	-8.23431
-8.84476	-8.57168
-7.77433	-7.40399
-10.0746	-1.78651
-2.00131	1.75409
1.77968	-2.53901
4.42262	2.82073
6.13363	-3.93144
-5.42562	-2.34851
-0.176425	-1.46008
1.22751	-1.65752
-2.7254	-1.00357
0.581796	2.15886
1.50517	1.49383
-0.0145803	-21.9114
-21.2676	-6.79538
-3.64764	2.42178
-3.40862	-4.13392
-7.15668	-0.303979
2.88862	1.28783
-0.164481	-9.90209
-13.1324	-8.40103
-4.61969	-12.3319
-5.98242	-0.419298
-2.69397	2.45013
0.35933	-3.28432
-2.80076	-4.94648
-5.51726	-1.33803
-2.76648	-0.760621
1.13222	1.17701
2.202	-17.9027
-18.1064	-2.02943
-3.66957	-6.10054
-6.72145	1.71992
3.12823	-7.2513
-7.00187	-5.63491
-6.00827	-7.38633
-2.28306	6.68322
4.79164	1.39285
-3.91183	-5.94261
1.62375	-7.67741
-2.29196	2.28987
4.45867	1.20897
3.93019	-3.05827
2.2517	3.17205
5.25964	0.644981
-0.125155	-19.9561
-19.7936	-0.574778
0.916516	-3.45413
-4.43619	1.43094
2.08746	-5.10903
-2.70674	-3.10164
2.93019	-1.41342
-6.50291	-4.62297
-7.51331	-1.01848
0.470242	0.162141
-1.2097	4.62983
-0.0363897	3.05246
1.92359	5.34574
3.93228	4.72618
-0.872618	-4.47514
-0.542142	-2.09296
3.52172	3.78811
4.88835	-1.49635
-3.62588	-2.31281
-3.91329	-1.35231
-1.82443	-11.9461
-12.3605	-3.92997
-3.68449	-10.9138
-9.36511	-6.91412
-3.15829	2.57858
-2.73814	-9.76155
-14.6113	-10.5871
-8.60588	-0.267009
-0.305147	-5.791
-3.55906	-12.0138
-8.04271	-3.23318
-3.42484	-3.9571
-3.1547	0.0585321
1.15847	4.97751
2.5053	5.57604
7.63035	6.36525
8.23496	-16.246
-16.6028	-9.68718
-9.80362	-13.595
-12.7428	-2.66827
-2.13288	2.61282
2.94629	1.66457
-3.61842	-4.33862
-1.31653	-0.9738
-0.771718	0.4334
-2.89468	0.05359
-0.829496	-0.00973001
2.37414	-5.86971
-5.83889	-1.15996
-0.20754	2.90214
4.51253	9.52848
6.0774	8.65041
7.12627	-16.6932
-16.6517	-10.0018
-7.49289	-10.7204
-9.44993	0.639268
3.52727	4.37548
-0.804752	-5.26996
-1.55066	-5.09978
-5.78708	2.59402
-0.175306	-1.31103
-2.24092	4.01406
8.8223	1.22288
0.0650716	0.376654
5.33465	4.34941
2.71089	7.52214
1.72445	-1.03683
-0.171176	0.952561
-0.903633	-18.2691
-15.9886	-4.6535
-8.89374	-8.90988
-8.06405	1.30041
1.38139	5.23705
8.03125	-4.05178
-8.34602	-5.53837
-7.16648	-5.03095
-3.52346	5.01526
6.62656	-2.49031
-2.81965	-9.10037
-9.45495	2.7518
5.91895	8.14636
5.34195	1.8509
1.47676	2.78672
7.50388	6.17375
6.47039	-16.6025
-17.3948	-6.95247
-6.64592	-10.6228
-6.71723	0.153564
-4.36546	-8.12986
-6.92649	-17.4685
-15.2409	0.620475
-0.215962	6.37067
2.81534	1.70994
1.98087	0.84287
4.04292	4.66578
1.8274	6.89925
0.856899	0.174262
0.966684	6.78527
3.76792	5.66481
6.46927	10.2509
7.42146	-15.3365
-15.2607	-5.18902
-9.75581	-15.8684
-11.8395	1.30911
6.22147	-2.04688
-7.03042	0.737554
-0.384605	6.7266
7.51415	-0.945352
1.21196	-7.89593
-5.73305	5.328
6.64506	2.73261
5.27937	2.68452
-0.666769	6.02906
4.16654	3.61732
2.69648	7.38553
7.09487	6.45321
3.29104	-15.2954
-14.3419	-6.69247
-6.03179	-9.90648
-11.603	-11.7542
-11.4135	-7.7227
-7.16754	1.00425
-5.48081	-0.344003
1.29424	0.634901
2.30235	2.70442
2.2504	-3.59934
-9.56432	-8.08382
-6.95398	-7.89959
-8.09103	0.710671
-1.38642	-2.32085
-0.454178	2.96018
1.55481	3.05394
1.30901	-18.669
-20.2805	-8.36503
-7.69933	-10.1691
-5.21714	12.6652
7.11899	-0.986746
-3.98781	-7.44498
-7.06936	-15.9835
-8.69145	5.13957
5.05765	1.52656
3.79585	2.65849
7.37154	-1.62423
-4.89747	9.38941
5.27913	3.08998
0.322292	2.24672
4.49145	2.60296
2.82021	2.27948
3.34347	-20.9188
-21.3125	-1.85608
-2.89909	-2.82359
-7.04165	1.63915
-1.98342	-3.4941
-2.99434	-12.9783
-12.6688	-8.99878
-8.46432	4.60964
4.12077	2.25687
-1.70548	-8.07214
-0.952324	-3.21864
-2.35022	2.63867
1.15615	4.01359
1.86238	3.94118
3.96374	4.01007
-0.1695	1.47834
-0.770708	-19.2144
-18.2184	-4.01348
-2.68727	-3.82145
-5.60859	-3.58893
-0.0277323	-4.59018
-0.173726	-13.8329
-11.6426	-5.41388
-7.2762	-4.71089
3.25746	17.2647
13.4445	-2.27882
-7.18391	-13.5191
-11.932	-5.07454
-3.96233	-2.63217
-1.79297	2.50453
5.29702	6.1844
11.8501	6.10529
6.06426	-15.594
-16.5292	-6.01027
-4.07028	-9.23512
-7.93134	-7.37891
-7.90668	-3.54673
-5.60496	-10.1698
-11.9196	-9.86935
-7.61168	5.94264
2.74966	-3.21762
-3.34677	-0.121971
1.0839	-11.9961
-10.1189	-9.99389
-10.497	-2.9523
-3.8105	8.34923
9.71842	10.5122
12.4948	7.63846
8.29415	-16.8243
-15.7443	-2.52105
-1.08487	-7.98122
-5.78368	-8.92027
-6.2191	-3.59373
-3.77187	-14.2282
-9.95059	-4.70895
-3.89771	-12.2032
-7.98428	-6.62436
-0.969648	2.02236
0.984404	-9.78245
-13.0933	-1.20074
-0.648602	0.98926
1.56268	6.89491
3.1102	11.8424
16.8339	11.2577
6.84714	-15.745
-17.6093	-3.20275
-3.74001	-5.98198
-4.34132	-5.46542
-4.41322	-5.81486
-7.03408	-6.53152
-2.02625	1.05187
-5.00368	-1.29885
-4.50546	-0.787013
2.63707	2.86896
3.39809	-8.09099
-9.263	2.80633
3.70788	4.83671
4.59592	3.39284
3.7664	3.73752
4.39005	8.48212
6.13792	-15.4553
-16.4253	-6.81646
-4.81379	-6.20622
-6.7838	0.596156
1.11715	0.140899
-3.8841	-2.496
-2.53091	0.373745
4.76653	6.16136
3.71416	1.30741
-4.97026	-0.299768
4.54347	7.63691
4.29748	4.96444
2.20957	-4.0175
-2.00146	6.72498
6.4967	7.4039
7.29396	-1.00384
3.94838	-17.8445
-17.6122	-4.44392
-6.24371	-4.55658
-6.19785	2.59902
-1.19561	-0.325961
-1.37548	-4.28143
-3.86689	1.83636
8.9134	4.32206
1.83805	0.583705
0.257521	0.231163
5.99481	2.1198
1.15196	4.36047
3.72284	4.73269
1.32695	7.17842
5.62611	3.72564
-2.48838	1.07453
2.06064	-15.3698
-15.2663	-5.87598
-7.49543	-3.31581
-5.70382	-3.04156
-6.01685	-3.98855
-3.06172	-15.4109
-15.0705	-20.2146
-18.3965	2.40302
1.42855	-3.06926
1.90429	-0.439583
-0.0183671	0.160379
-1.83949	4.24538
1.28057	0.399493
0.100549	5.22133
7.90261	-0.283487
-0.396717	4.89852
1.17038	-16.6428
-15.452	-4.08885
-6.89634	-11.3351
-10.4239	-1.86134
-0.168185	-2.52842
-5.12368	-7.70557
-7.74224	-3.39995
-0.918937	-4.71198
0.662665	-2.3416
-3.04052	-5.0703
-1.72471	-9.46894
-9.53153	-1.22087
-0.500506	4.22871
3.75683	-1.96945
0.40809	-4.05892
-4.89364	3.50295
2.42488	-15.8834
-17.4446	-8.10203
-6.53911	-8.99433
-8.77402	4.19086
0.448139	0.990596
-2.05717	-7.87529
-8.05107	-5.63437
-8.81407	2.58867
0.781477	0.702578
0.00659015	-10.17
-11.259	-8.34091
-8.86101	-3.88522
-4.25253	1.68278
-3.65008	-4.10287
-5.93806	0.811787
-3.23197	3.92229
0.0693381	-16.0277
-16.6175	-6.36653
-7.05447	-4.47586
-6.2114	0.852825
3.18799	-1.2541
0.133177	-4.62262
-5.60472	-9.49188
-11.0815	-4.04843
3.12154	2.70755
3.47404	-4.39451
-4.49585	6.9788
2.30282	4.9606
7.36781	3.5331
-3.98567	1.61726
4.80408	0.661075
2.95835	4.86939
3.68672	-16.3807
-15.5143	-5.64135
0.188124	-2.6012
-3.76241	1.14274
-3.65654	-0.3929
-1.50384	-0.538782
-2.60795	-1.47416
-0.256769	2.72523
9.40178	9.48262
1.44202	-2.45513
4.778	-0.0519119
3.43307	9.1281
11.502	3.14679
0.555992	2.64389
1.0886	-0.293628
0.584711	0.460032
0.946419	-16.8065
-15.7002	-8.36872
-9.55309	-9.86783
-10.4003	-8.62933
-9.42799	-7.24465
-10.2245	-1.29299
0.0226221	-3.52346
-1.79522	11.4456
6.67148	0.714732
-3.7191	-5.79612
-1.36735	-5.85938
-5.49152	-1.46593
-0.699818	-3.04436
-3.46726	8.49656
11.5076	6.33205
5.78365	2.192
4.73306	-19.4248
-18.5669	-5.41818
-4.0823	-6.74652
-7.40657	-8.91094
-8.73052	0.592168
0.646285	-8.07951
-5.71571	-1.20995
-0.0043962	-0.901896
2.62969	6.79471
6.69238	-1.57838
-1.24296	2.94728
2.89115	-2.77758
-6.52532	-4.28042
-6.10964	-3.92654
-2.26491	-0.240588
2.67032	0.555945
3.6429	-18.0899
-18.2892	-7.20071
-5.58732	-8.03001
-4.84284	0.263238
-2.74094	-5.36422
-7.37752	-10.6531
-16.2175	-4.23767
-3.41214	-2.20525
-1.65038	-1.82383
-1.77344	-6.85102
2.27524	-9.72731
-12.0578	-7.05646
-11.708	1.95234
-0.0664786	12.7105
11.2418	7.22836
10.2771	6.51633
5.96996	-13.8989
-12.7626	-4.89645
-3.89125	-11.9853
-10.7662	-4.84351
-0.0523371	-0.148675
3.81456	2.14813
-4.79147	-4.05353
-7.13897	3.4907
2.80829	-6.02146
-2.97408	0.095401
3.41758	-1.96902
3.28241	8.03242
5.39406	6.05408
4.51669	-0.44672
0.0410649	0.766582
-1.2066	1.67618
4.30991	-19.2118
-16.6038	-3.68881
-6.82459	-12.0137
-12.5537	-6.93969
-5.2784	9.88056
6.8291	2.11534
0.487379	-6.14509
-2.24663	-2.47128
-2.75158	6.47444
3.12035	-5.24663
-9.30875	1.4982
2.83022	-1.21198
-1.80702	-1.50411
0.480489	6.69864
5.84755	1.40384
1.5222	6.88762
6.2035	-18.8744
-18.787	-7.25856
-8.33054	-8.97257
-7.81699	0.0271231
-1.69688	-0.539836
-3.47836	-5.83644
-5.78627	1.60851
2.73475	-3.27232
-3.44787	2.03537
5.50542	0.158087
1.94537	6.85757
-0.347317	1.78192
7.91391	8.19711
11.4722	2.93485
-2.61591	0.396501
0.410899	2.26302
2.31291	-17.2518
-16.7653	-7.51056
-8.77725	-7.83219
-7.70447	-6.80327
-5.0387	-1.66908
-3.78144	-7.58524
-4.96716	-2.61221
-1.00578	7.14398
10.076	4.72532
3.05453	0.356401
-6.44084	-5.96116
-2.19979	5.90519
3.8497	1.2237
1.6918	3.77121
4.34664	2.30312
5.9884	3.89787
4.69483	-17.2348
-17.3974	-4.88486
-1.79133	-8.85676
-9.17239	-10.7684
-8.32454	-5.39668
-2.50229	-4.26618
-7.12125	-16.4655
-11.618	-0.727099
-5.44928	-8.63627
-4.90096	4.86982
3.44184	-8.98526
-7.87666	0.648303
3.67179	-2.29089
-4.86936	12.7851
7.44498	6.44423
1.78986	8.8872
6.64422	-15.617
-17.5501	-4.15915
-4.5798	-1.53623
-4.22229	-3.5112
-3.50588	-1.24666
1.29991	-1.51214
-1.28537	-9.62419
-8.90767	-6.14098
-9.17958	-5.99205
-10.3461	-2.65489
-1.91692	3.62609
-0.567338	-5.54187
-9.81581	2.69943
0.521291	2.32973
2.54431	9.14609
9.56577	7.56885
6.83015	-15.5866
-15.0004	-6.86666
-6.71391	-8.74036
-9.31796	-8.25191
-8.42233	-9.57539
-7.28081	-3.3216
-1.08044	1.56583
-6.12119	-1.81811
-0.789323	0.49903
3.94181	-11.631
-11.6446	-8.85466
-9.97061	-7.4415
-2.33602	-1.16018
2.26159	7.86951
1.89202	1.47076
2.49913	5.00301
3.94285	-16.4103
-17.5775	-7.52491
-6.82335	-7.21175
-7.32044	3.08511
2.86961	-0.651636
-2.35782	-7.17768
-0.573239	0.296332
-5.66193	3.19189
8.17635	4.35593
5.27509	-3.23355
-5.35895	0.716655
-3.81554	-4.80358
-9.63868	-5.06475
-6.62114	5.87782
4.72471	5.21401
4.77198	8.76186
7.17508	-14.9957
-14.5967	-6.85389
-4.87206	-11.1828
-10.2901	-12.1164
-10.5127	-5.08047
-7.94968	-3.07428
-1.75301	-1.86714
-3.30212	0.130263
3.57841	-1.48469
-0.665665	4.40688
1.63536	-10.407
-7.14806	-4.40457
1.81051	-7.64673
-10.1891	7.40916
6.437	4.32807
2.98032	2.75618
4.33953	-16.9625
-16.35	-7.57063
-8.05189	-7.98343
-9.021	-0.413827
-0.987209	1.1918
-3.02245	-9.70222
-15.0921	-7.89678
-8.7184	-0.286054
-1.04922	1.85394
1.27149	2.095
1.06412	-7.23952
-2.71194	2.99675
11.0778	2.67891
1.37506	6.54974
6.3925	5.05866
2.98622	-1.53544
-1.44614	-16.4336
-17.4479	-6.37086
-6.8416	-10.5552
-10.8864	-7.06662
-4.607	-6.5794
-7.47803	-11.1412
-15.0503	-1.10476
-0.622866	-3.15737
-5.46974	-8.94612
-6.8361	-7.14443
-4.58042	-1.25052
-1.78891	-5.06965
-4.73959	6.13894
4.25294	0.00640113
-1.87395	-4.09137
-2.69754	2.41623
2.4159	-17.124
-16.1873	-3.39575
-4.96992	-4.04894
-3.84432	2.15084
3.79229	-7.02231
-9.58716	-12.8441
-11.1722	-2.00072
-0.0270522	-14.6352
-14.8555	-2.17396
0.427324	-9.01222
-10.941	-3.68378
-0.66796	1.58457
5.12816	-1.3039
-0.137917	2.12769
-2.05824	-0.344537
-0.515838	1.36327
-1.92166	-14.3168
-15.3023	-5.06295
-4.90613	-11.7626
-10.9856	-6.57597
-10.5095	-7.15564
-7.33567	2.75561
0.503999	-7.3378
-3.07279	5.4664
-2.98116	3.92618
1.71877	-2.02809
-3.91392	-0.105674
-2.70981	1.75143
-0.0457571	5.09071
7.12121	1.96509
0.668742	6.14033
3.3835	-1.15271
1.41392	-20.6986
-21.2223	-2.55299
-3.83461	-5.40256
-7.77373	-0.560592
2.70589	1.05729
-1.50915	1.31975
-6.00046	0.051961
-1.92957	-2.24297
-2.05372	0.900422
-1.8184	-5.4843
-4.76986	-2.31928
-0.304023	-7.085
-1.92142	-4.63663
0.0323923	3.67255
4.04841	0.770438
-1.6662	5.22459
2.41884	6.75091
4.43333	-2.83873
-4.15798	5.3253
7.26909	-2.25933
2.63822	3.64139
7.89153	-15.4296
-15.4041	-6.11631
-7.03214	-10.2673
-10.5874	-10.0167
-9.85074	-8.68253
-9.23941	-1.10464
-0.967542	8.9739
8.27834	5.93764
5.31574	-7.69534
-10.2035	-8.44878
-8.82742	-5.56357
-4.79136	0.124766
4.85377	8.56071
10.4006	11.7849
11.2886	6.70435
6.74734	5.23889
4.74693	-16.8538
-17.3377	-7.60239
-6.49052	-11.9681
-13.9253	-3.30969
-3.93525	2.83404
-3.28986	-1.40154
2.73072	2.75278
4.15966	7.17262
1.57916	-3.72489
-0.247081	5.07413
5.20296	2.58465
2.76057	6.80823
1.95015	-1.78247
-2.98401	5.45951
6.59662	4.93831
5.13959	4.74793
3.15561	-18.8576
-17.1661	-5.22901
-5.46135	-8.7309
-10.3549	3.75019
-2.57014	-8.57075
-9.417	5.65266
5.24005	3.5974
6.17609	-3.70332
-1.54022	5.1008
3.29361	-1.92299
-2.08072	-5.5643
-8.58078	-9.48433
-5.77657	5.15052
1.57	5.76044
4.88483	4.31393
3.2624	5.16027
2.62524	-18.1667
-18.6239	-8.5171
-6.351	-3.56629
-6.00224	1.33875
-1.08867	0.0889422
-2.20245	-14.6402
-14.1852	1.46961
1.44555	-7.43166
-3.50311	-7.74512
-5.97086	-6.27068
0.78393	-6.81121
-2.93667	-0.160973
1.68296	-4.3249
-3.67323	6.6482
10.7176	1.50615
6.19833	5.00718
3.10784	-19.9691
-18.7372	-6.9492
-6.84332	-5.31922
-2.47734	-4.53496
-7.07439	1.1913
0.658086	-7.23671
-5.0738	-12.7966
-9.82814	-5.18517
-6.69237	-10.1584
-3.30779	0.514494
4.27527	0.317719
-1.41835	-8.44676
-10.2803	-2.68279
-3.28059	7.15644
4.07476	8.01386
7.16209	6.13901
4.5049	-14.7819
-15.2574	-3.21249
-4.26644	-10.2878
-10.5703	-8.06003
-9.63978	-5.10332
-3.39042	-12.3258
-10.7647	-6.47088
-6.29528	-1.25192
0.184446	-0.485761
-2.27152	-4.41264
-4.49301	-2.01992
-6.54603	2.17433
0.201885	-0.434822
2.71019	2.76163
2.67243	-1.16059
-0.0426115	-0.483683
-0.147916	-15.9323
-16.0456	-3.86683
-6.09499	-12.2224
-12.7049	-3.54338
-1.50127	6.41876
4.26238	1.04811
-3.07339	-6.69587
-8.83245	-2.53006
-1.83433	0.910607
0.76619	0.0440982
1.01693	0.151897
-3.66047	-7.72296
-7.33577	-4.84575
-3.56958	6.29861
2.9502	4.78322
0.669798	4.52412
3.33472	-19.5551
-18.9873	-6.83616
-6.45562	-3.06358
-0.61551	-0.289918
-1.47324	-7.84962
-4.89453	-8.92221
-9.99154	-4.76076
-5.28617	-4.25828
-7.46924	2.19683
0.785336	0.890487
-2.41726	-1.62306
-0.704369	0.0724569
-2.22294	0.298397
1.03394	1.89779
1.38916	4.92257
6.79883	5.07889
4.33548	-17.0495
-15.7978	-6.04521
-6.84531	-7.53621
-10.1484	-4.34196
-2.2563	1.94853
-0.159485	-5.98688
-5.99919	-1.76102
-2.35073	4.75044
0.976628	-2.43523
-4.40526	-1.22684
-4.43671	0.472732
2.59375	2.03607
-1.20204	-3.22954
-2.75825	1.00373
-0.891964	0.127866
1.26826	1.14882
0.854215	-15.9936
-16.3256	-4.5817
-4.37409	-9.41079
-9.16149	6.83224
3.83108	-10.518
-8.7287	-5.55371
-6.52219	-11.0364
-7.24556	0.721579
-2.67812	-10.8145
-4.33849	0.740349
3.44983	-3.25259
-1.50879	5.53302
2.59155	2.44993
7.25324	1.91508
-0.714645	8.17846
4.66427	3.43957
4.12639	-20.4103
-19.9811	-1.22508
-1.49181	-4.52866
-3.55665	0.361446
1.87214	-3.01543
-2.48976	0.181184
0.645142	4.09448
6.98365	2.02238
1.11176	3.80428
3.06736	0.990483
-0.701344	-3.63597
-6.41456	-7.47473
-3.4826	1.17093
-0.0778001	-1.41008
1.88097	-0.341274
3.91791	0.529417
0.509305	1.25035
-0.576549	0.874753
0.716087	2.71011
0.376301	-1.04676
-2.72964	-1.90256
-0.19734	-3.28858
-5.16523	-1.96399
-3.18364	-14.5869
-13.4744	-3.16663
-5.75412	-12.0334
-12.0407	-0.176195
-0.881199	0.0772106
0.624813	-2.61564
-0.950819	-3.2553
-7.17111	0.0468086
2.15052	1.07542
-0.906978	5.35219
3.21858	3.09329
-2.91699	5.91558
5.30402	2.83427
5.3406	9.05679
5.63416	1.53633
4.70475	1.3432
1.79329	-17.6482
-18.0799	-8.05769
-6.7622	-13.4658
-11.5377	-0.114722
-1.73473	-9.20199
-8.04614	-3.74042
0.197851	6.76743
7.0692	-0.227688
-0.494995	0.569722
-3.65266	-6.29957
-3.07448	-9.51089
-15.6894	-2.55264
-5.07778	0.699203
-0.539634	12.2557
6.2274	13.3939
10.2646	6.78561
5.04584	-16.7688
-17.5184	-3.66101
-2.87432	-11.1229
-13.2048	-2.5017
-0.732241	-6.20138
-3.21143	-7.00462
-7.99521	-4.85478
0.465843	-5.96312
5.42933	8.52863
5.82485	-3.34435
-0.188088	-4.53129
0.504445	3.99778
4.70499	10.9448
10.6583	6.49968
5.60214	4.36926
-1.21347	6.77147
4.05792	-16.9623
-16.2122	-3.45885
-2.65453	-6.08291
-8.00868	-3.39883
-3.02353	-0.568396
-3.8107	-13.0893
-10.6912	-8.47944
-8.79228	3.18743
4.83338	-1.05645
-0.761523	-4.69825
0.0394694	-15.3207
-12.1393	-5.3958
-13.3122	2.03623
3.12771	3.44298
4.51816	7.69349
7.16402	8.49692
5.99909	-14.4962
-14.671	-7.32335
-4.18994	-8.71144
-3.98275	-4.36576
-5.61238	-5.33183
-4.76577	6.9939
3.45506	-5.81555
-10.875	-3.5865
-4.19007	3.39698
3.57932	-0.599194
0.668042	-13.8241
-9.87806	-11.0354
-14.4023	0.630546
-1.32639	8.66234
7.23943	6.18033
6.55132	4.89197
9.36963	-16.6432
-15.9793	-7.93782
-5.88916	-5.93939
-4.85086	-7.93419
-7.49585	-1.17819
-2.76627	-11.1141
-7.44122	0.0561856
-1.02719	-9.26594
-10.7883	-1.63763
1.2447	-5.43205
-3.83577	-10.1724
-14.1368	-9.57316
-12.0277	5.05048
4.24845	9.10521
5.20992	5.58947
4.93389	4.87561
7.81754	-15.3857
-15.5875	-3.46979
-4.95675	-10.7722
-9.5297	-6.17474
-5.31519	3.98348
5.95529	-8.3361
-10.4739	-16.8594
-11.6017	-2.92507
-1.14046	0.472385
-1.40053	0.02819
-2.22264	-1.83803
-0.432255	-0.781871
-3.337	1.44999
0.241965	5.11885
1.1937	6.28131
5.48605	8.29347
5.8567	-13.6428
-12.6106	-6.12237
-5.54586	-8.38416
-7.02214	-11.8243
-11.9936	-13.4919
-10.6891	-3.16534
-4.70583	1.33681
5.34268	8.91937
11.8219	7.2446
4.60899	11.9222
7.8272	-1.43073
-2.04863	1.58412
3.75942	4.95597
2.25893	5.77469
3.83517	5.05363
4.69344	4.06272
7.32816	-17.6786
-17.2632	-4.71869
-5.59886	-7.31696
-6.46411	3.08771
0.889565	-2.88984
0.0486607	-2.60321
-4.14189	1.39209
11.0375	9.47596
7.78063	2.33465
-1.96643	3.44118
2.0971	6.45213
6.22386	6.22496
7.07669	9.13963
8.1496	4.89581
4.24035	1.53295
-0.273807	0.647801
1.57687	-20.1547
-20.3019	-2.3858
-2.90865	-4.40316
-2.44053	1.43016
1.36693	-0.258087
1.87505	-6.82371
-3.60957	3.37347
-2.88946	2.92458
0.413015	1.85698
3.66733	3.42859
-0.0449043	-3.27685
-8.75035	0.605476
-0.274485	3.56155
3.97194	4.44951
5.09332	3.17982
1.59007	0.00335537
-2.19977	-18.7451
-18.1485	-10.4034
-8.45905	-7.37278
-11.1649	3.15962
-3.75535	2.80926
-1.67949	-0.643713
-5.80204	4.19812
-3.93083	3.14113
-4.66985	1.53574
-0.644262	0.0660539
-0.802215	-11.8209
-11.201	-2.18039
-1.70443	-0.868652
-3.44237	1.45725
4.26166	3.36732
7.18866	5.40253
-0.307358	-12.6399
-11.84	-8.57073
-8.44631	-7.914
-6.96133	-9.82195
-8.70574	-6.26429
-8.01997	-1.1544
-0.191303	5.72679
7.20474	5.0306
3.9765	0.508584
-3.68679	2.7698
1.26701	2.98121
0.279821	-6.05729
-4.18091	-5.83426
-4.78617	-5.17394
-6.12528	-1.32807
-4.29626	2.51065
5.24895	-15.2778
-16.4071	-5.81554
-6.15638	-7.24929
-2.43253	1.71659
3.55125	-0.158453
-2.24102	-3.02876
-0.368065	10.2697
8.48271	-2.33469
-3.82044	-9.45291
-10.4797	-11.1252
-6.05939	-0.53677
4.40369	-2.7981
-4.40529	4.05821
4.08734	4.57254
5.14421	-0.590811
-1.03365	2.83833
4.37232	-18.1083
-17.7803	-9.17953
-10.277	-5.82515
-6.65605	1.70935
1.80471	0.405881
-0.625269	3.30319
1.50106	-4.68079
-1.17814	2.32219
5.97272	1.70099
0.137525	3.39485
0.927804	2.88269
-1.2992	4.309
1.84313	3.41329
1.14962	2.83788
0.57961	-2.33199
0.322278	0.27152
-0.182756	-18.8661
-18.9482	-0.686008
-1.21443	-5.04594
-5.59562	-2.99551
-4.80343	-2.09306
-3.12466	1.3294
3.20813	0.663025
-0.808987	-0.265024
-3.79691	-1.70569
0.307585	-1.02753
-4.29328	-2.55161
-0.864196	9.03746
6.60351	3.49801
8.59779	1.26885
4.46666	-2.60898
-1.30102	-2.67369
3.12724	2.27261
0.0723826	-1.82295
-7.10659	-1.66591
-1.491	-0.773222
3.14105	-21.288
-20.5525	-5.84995
-3.16638	-5.75148
-5.308	2.33415
-0.238865	-2.25795
2.19023	-0.593648
-1.12408	0.740032
-4.30247	-0.482352
-2.79552	-1.42065
-6.90931	14.8856
10.8072	16.4442
11.7943	2.06769
1.83281	-0.607306
-0.137889	0.798864
1.58188	3.10748
5.48226	3.91736
9.14972	-15.3278
-15.4733	-6.07276
-5.49459	-12.3014
-11.983	-12.2277
-9.87197	-2.01119
-0.274262	4.87109
-0.369865	-3.05913
-2.4856	-7.12439
-6.92742	-2.21025
4.95597	6.66018
-2.82018	-2.43469
1.38248	-0.130888
1.80175	3.20363
-0.811997	2.74343
2.68717	0.820631
0.517324	2.61593
4.87957	-18.368
-19.0867	-7.19848
-9.12367	-8.75022
-8.61318	0.799379
0.0445018	-6.59861
-5.54165	-9.49636
-9.68998	-9.0914
-11.6578	-1.5231
-0.731903	4.68334
2.16519	-4.92624
-5.97433	-11.6535
-14.9899	-4.96573
-5.3346	12.8571
15.5551	16.3527
14.1654	3.84039
4.33028	6.65305
6.52979	-15.1783
-15.7907	-6.01002
-8.27789	-11.73
-9.64796	0.086732
4.77493	0.703539
-3.89172	-8.62377
-10.2882	-7.93413
-7.04449	0.188198
1.68303	7.60141
3.68255	-1.99743
-5.55476	-3.4927
-1.85214	0.376039
0.757011	7.24231
9.16149	9.63369
8.49467	6.01562
5.00239	3.65929
3.75014	-20.4408
-20.8582	-4.83747
-2.21104	-7.92512
-7.15906	4.94369
2.6013	-1.19982
-9.83486	-4.3659
-9.28443	-1.78066
-3.55683	-5.59957
-8.18193	-3.59391
2.45106	-1.6409
-7.34464	-4.33748
-2.55821	-2.22605
-5.55507	-2.15591
-5.60799	4.0463
2.20169	6.89635
9.6743	12.2741
12.882	-14.047
-15.1659	-7.57646
-5.44932	-11.2424
-10.2162	-9.17851
-10.5874	-11.8002
-11.4841	-7.53849
-9.86784	0.406728
-1.03859	6.62086
4.31665	-2.44066
-1.87269	-4.57105
-0.383283	-9.94026
-16.9993	-5.7235
-5.45898	-0.00613239
-3.17985	4.46569
5.30609	5.62615
7.52807	8.68135
10.9509	-13.103
-13.6045	-5.60561
-4.89972	-10.5974
-9.93881	-11.6077
-12.3368	-8.47421
-4.19262	0.449091
-0.536547	0.390631
-1.42694	-1.84737
-4.9888	1.33407
2.18983	0.263894
1.20442	-0.0199947
1.67949	2.27469
-0.972749	-0.126698
-4.74021	5.05155
1.62002	2.42486
2.69545	-0.805128
1.46939	-17.0459
-16.6714	-5.41971
-4.71699	-5.96855
-7.48227	-5.10133
-3.94391	-2.45521
-0.79848	-11.6244
-11.4679	-5.7637
-4.7413	-5.24575
-5.5698	-14.4664
-14.3391	-2.53682
1.17173	-3.83207
-2.06511	4.53469
2.81144	4.00056
4.13973	4.13569
3.24125	1.33831
-3.30116	4.7763
2.84177	-17.2948
-19.4662	-5.37934
-6.18687	-14.8868
-13.5463	-3.79251
-0.660153	4.14169
4.71061	-5.60028
-10.8952	4.61277
-0.285066	-0.757404
-3.14948	-3.24094
-11.1632	-9.15357
-6.40271	-7.49906
-9.01312	-2.35515
-7.33037	2.7145
0.0774083	0.498625
1.32202	8.21939
7.95581	3.74966
5.00954	-14.2133
-14.8814	-6.37721
-5.93682	-8.33872
-10.3115	-9.45273
-8.63367	-8.19882
-8.95295	-4.62507
-2.13546	-4.99768
-3.5254	-3.43411
-5.98502	-2.32536
2.41774	-2.45265
0.612445	1.5442
4.7113	-0.442381
2.22846	-0.600716
0.294663	0.987963
-3.12267	2.45186
2.12392	4.84942
6.21908	-17.8581
-17.4935	-1.79731
-3.14706	-10.174
-10.451	-2.39678
-0.348945	-6.34982
-7.32148	-1.56073
-2.12759	-4.56212
-3.27258	1.04808
-1.91639	-2.30996
2.20111	-1.51654
5.09275	1.08517
0.421071	1.34587
-1.72241	-0.0197537
0.324695	-0.467027
2.39202	-1.93905
-1.43528	-3.33078
-3.92621	-14.9688
-14.3377	-5.48272
-5.69704	-6.94915
-9.49498	-4.66419
-7.41793	-3.45068
-1.96738	-6.70157
-4.91866	-2.31393
-3.00299	-0.920174
3.3715	5.08322
6.04716	3.94727
6.47459	-4.63873
-5.91753	0.710211
2.54439	3.8422
2.22447	6.59363
4.40451	4.16012
-1.17973	0.0297775
2.49993	-17.0891
-16.4987	-4.85404
-5.16427	-14.0794
-11.4783	-2.9137
-1.56199	-3.76487
-6.11988	-0.14866
2.06557	1.31325
4.03118	-0.981223
-6.53707	-0.0743806
1.7222	3.53027
0.0941633	-1.18414
-2.96613	-3.83597
-6.40018	1.78671
3.70374	6.81058
4.08842	4.20333
1.35109	1.09573
-1.70393	-20.218
-21.4201	-6.30612
-6.24883	-6.41902
-0.331007	-0.340161
-4.68207	-4.38853
-5.70204	-2.076
-2.48268	0.973212
1.68213	1.4841
1.73523	-1.3258
-0.416076	2.64471
5.49029	4.37353
3.3936	-2.05533
-0.747402	-4.01674
-1.69806	-4.46583
-2.53684	1.08952
5.73779	3.05467
2.02523	-0.161643
4.05379	-18.1962
-17.1787	-5.0934
-3.83819	-7.58963
-9.08317	-4.72742
-6.83323	-4.18013
-1.27001	3.97726
0.587765	-1.56616
-1.11987	-3.48594
-1.23328	-2.76373
-5.12531	8.04579
5.75276	1.90052
-2.83102	0.657623
-1.10615	-2.01497
-5.53311	-1.78189
-0.84619	-0.702789
-0.0721223	1.03404
0.863404	-18.8516
-18.9597	-4.58879
-5.50032	-11.6969
-9.58707	-3.24642
-0.844303	-4.82092
-8.60557	-11.0707
-13.4917	-2.9344
-3.74786	-7.59227
-12.2659	-2.48172
1.03424	-7.57942
-9.80712	3.6942
-0.808698	-7.38759
-2.63921	-1.01827
-0.0872306	3.73338
6.19417	3.72313
2.79161	7.01598
5.37307	-18.7272
-18.4461	1.63381
0.0857217	-9.40798
-12.1499	-0.313835
0.485937	-10.2347
-5.90203	-2.48674
3.53928	-4.149
-4.14072	-2.16986
-5.57628	5.52105
7.10225	5.37046
7.73851	7.44932
7.29279	14.0204
12.5482	10.644
8.29056	4.58321
3.45725	-4.80374
-3.27065	-0.957406
3.36409	-16.5764
-16.0851	-8.09114
-10.2785	-12.8256
-12.4597	-1.23342
3.20698	0.427922
-2.50137	-2.29324
-3.90699	-1.71892
5.09841	-0.570245
-1.19436	5.01293
7.65593	11.6395
17.1469	1.2433
-0.477355	2.84182
-0.602236	0.289496
1.51429	1.20759
1.05553	1.6028
1.73993	0.963984
2.85763	-20.1027
-19.5448	-1.58952
-1.01318	-6.29682
-6.40869	-2.37008
-1.24179	-3.15219
0.176292	-9.27167
-9.58702	-14.2287
-11.9801	-1.33063
2.24486	4.48408
7.28239	-4.46299
-4.6113	-4.76726
-3.49322	-1.0551
-3.94745	-1.58044
-0.535495	6.14966
2.88626	8.21456
9.42234	10.0688
7.63292	-13.7309
-13.535	-6.12996
-5.64685	-10.6863
-11.335	-12.5728
-12.3347	-9.25446
-5.77006	-0.418614
-4.47072	-5.60462
-10.9494	-0.355126
-5.52294	-0.37768
-0.68392	-1.76276
-0.944336	-7.09892
-10.4238	-4.9722
-8.03231	0.251432
-0.89542	7.09294
6.03781	2.6569
0.551727	0.952991
0.850996	-18.6976
-17.8261	-5.77039
-7.28251	-12.6302
-14.5688	-3.06375
0.285269	-1.25589
-0.750777	-6.28963
-5.32928	-11.8617
-11.7562	7.18645
7.81876	6.02423
6.53213	8.44524
8.12283	6.59811
6.26907	3.49651
4.25788	0.328812
3.69852	4.35909
4.52147	4.27213
2.84871	3.1998
3.21407	-20.5758
-18.5605	-4.84229
-5.17698	-11.883
-10.379	2.63899
2.3428	6.30374
1.0003	5.79024
3.78646	0.715638
-0.614608	2.65393
5.36118	3.69691
7.34852	0.313604
-0.460797	3.26635
2.94003	1.4672
1.99095	2.26023
2.30677	5.8286
3.92544	3.35726
5.7558	1.65969
3.42348	-13.4206
-14.6958	-8.27109
-8.66309	-12.8486
-8.26227	-5.1612
-5.33735	2.77492
1.12448	2.20599
0.491859	-7.85332
-8.90601	-9.39293
-11.9441	0.208521
-0.901473	-9.31407
-10.7979	0.460559
0.0324227	-1.94523
-7.1638	-1.1072
-1.3064	0.989726
3.74142	5.26342
5.32331	3.87034
1.64202	-14.768
-14.3662	-4.49066
-4.85003	-12.5472
-12.2965	-8.74307
-9.63378	-7.21252
-7.04195	-0.956945
-1.38739	1.13856
-4.33057	1.50811
-0.630769	2.77454
1.68119	3.35752
-3.05868	-4.68449
-0.918541	-1.03803
0.204907	-3.52479
-6.52118	-4.18143
-1.09423	5.25907
8.24394	5.86535
3.24151	-17.408
-17.2556	-5.12088
-3.40624	-12.262
-11.7274	-6.86506
-4.91683	-3.79522
-2.42628	-0.103795
0.350359	-15.2893
-12.7176	-4.3618
-6.22189	-1.57563
-2.94256	-1.07104
-3.11936	-10.7113
-8.5637	0.875838
1.13123	0.899742
3.337	0.383714
0.743978	-5.00729
-0.17498	-4.30433
-3.6795	-17.598
-17.2438	-5.65443
-4.61922	-6.45575
-6.3854	3.26176
3.61379	-7.44246
-9.1613	-2.81699
-1.70203	-0.582986
-3.5765	-4.97377
-6.98457	1.10705
3.35861	0.319055
2.78626	8.18321
7.17191	-2.67163
-2.50167	-0.378963
1.495	4.61517
5.321	0.748294
1.54548	-1.25003
-2.25691	-19.6858
-20.0441	-6.57898
-8.3609	-11.5288
-9.13851	-6.59864
-7.53217	-7.08046
-7.03131	1.38959
-0.115432	10.2521
3.28348	7.10354
6.64525	5.02839
3.33624	11.6803
4.75901	1.79922
0.144948	7.57923
8.17568	2.87339
0.938901	1.12836
2.84713	-1.81406
3.04184	-3.21051
-4.34912	3.05148
3.53993	-5.59313
-4.56375	5.50452
6.89004	2.12122
-0.683949	3.2974
3.5149	-0.380953
-4.95708	3.29578
2.42599	3.6443
6.54069	0.723946
2.44227	-3.61347
-0.669697	4.39395
6.03737	4.22767
1.4857	4.53624
6.24511	-17.9508
-17.8869	-7.17225
-8.03738	-10.3438
-9.19759	-2.82574
-3.84183	-7.65168
-7.50565	-14.18
-12.4898	-10.8465
-2.8091	3.31692
5.12616	-0.921554
2.27308	-3.51339
-3.80606	-11.0519
-10.1784	0.213545
2.65215	8.49026
8.96004	8.64848
8.97143	3.88008
4.76271	3.04282
5.64723	-16.936
-16.5978	-5.87282
-4.37997	-10.0563
-9.86242	-0.837386
-2.43209	-9.67162
-6.53879	-4.98804
-10.2146	-3.48212
-7.77658	-4.3694
-9.07319	0.783623
-0.874909	-8.62501
-10.0761	-4.43755
-2.50802	-5.40249
-9.7744	-2.03076
-2.56641	3.96424
8.47688	5.14252
3.62574	3.96342
5.64819	-15.6182
-15.2161	-7.45422
-8.18517	-12.4491
-11.5214	-9.69623
-9.25215	-7.36249
-6.39526	2.83198
-2.34964	-2.96435
-2.60168	-1.13997
2.10895	0.195506
-6.67903	-0.363644
-2.37239	-5.75185
1.27748	-2.1052
-0.314152	3.99734
6.56297	5.79001
6.54733	3.57377
7.22675	4.76044
4.41855	-18.1053
-18.8709	-6.67888
-6.34244	-3.37938
-5.57149	-2.86136
-1.2461	-8.35723
-6.59504	-12.5356
-9.35476	1.78234
-2.80576	-3.92141
0.215443	-3.40815
2.24058	2.13687
1.2755	1.8763
-4.26682	2.94108
4.8626	1.22136
-0.718159	6.53434
6.83869	4.14858
5.50835	-0.13389
-1.44615	-17.4845
-19.0738	-6.59783
-4.91769	-3.16312
-2.55727	-3.95188
-2.88777	-7.06964
-0.923976	-14.7156
-10.6443	-0.773586
1.12964	9.56335
10.8738	5.30129
7.74295	-3.72057
0.832261	-1.87003
-2.21218	3.72781
3.28684	1.18322
2.52302	1.65017
-0.198694	3.49752
4.71766	1.78549
2.08603	-16.0415
-16.377	-4.32228
-7.62672	-13.8895
-11.902	-1.79936
-3.79516	4.66412
5.4818	-5.77114
-7.07659	-15.0506
-17.1749	-5.47836
-5.43272	-3.63048
-3.44061	-3.54267
1.91721	-5.36228
-9.83519	-1.25032
-2.5048	-7.14707
-8.13111	6.94036
7.62503	5.14105
5.50653	4.84631
1.37565	-14.5437
-15.4928	-3.51977
-3.71244	-8.85546
-10.4639	-8.15351
-10.3013	-5.69793
-7.96605	-0.119043
-2.825	1.09281
-2.30136	-1.44811
-0.909859	0.61884
1.51325	1.40424
4.1435	-2.62007
-0.0033277	6.08738
6.29494	4.92555
3.43699	4.61273
4.35841	5.14128
8.72041	-1.11183
-0.600501	-15.175
-15.2953	-5.71336
-3.04613	-8.79009
-6.86333	-10.1407
-6.44307	1.25868
6.24004	3.50775
-1.83656	-6.42591
-0.939654	3.4364
1.95347	4.17849
2.07572	4.65277
-1.69044	-6.42792
-11.3733	3.67463
4.70212	0.417168
1.89561	3.57599
2.70477	5.44579
5.56769	2.20635
3.46794	-17.4358
-16.4171	-7.2705
-9.16963	-7.89118
-7.97274	0.169814
0.200869	7.13393
0.659074	-4.70118
-6.2406	-1.78145
1.66693	-0.296278
2.11731	-0.969185
-5.56991	2.79881
2.23289	-0.603741
-0.738411	-0.757231
3.64926	2.51586
-0.736395	3.76898
2.68414	-0.786767
5.73285	1.54733
2.62865	-16.3004
-16.2287	-1.28819
-3.10944	-9.30833
-10.4583	-3.53776
-5.29447	2.54351
3.82281	2.57267
1.83327	-10.8929
-11.7722	-11.0168
-4.98468	-1.00399
0.673629	3.23872
-2.08678	-5.39974
-2.59894	-4.44884
-3.04566	0.76532
-3.57549	1.11805
-2.12874	1.78063
-1.38262	2.0303
2.78523	-19.8136
-20.085	-1.91461
-1.86917	4.23237
5.27024	-0.965688
-1.98902	-1.43052
1.40462	-1.26733
-2.22648	-5.45747
-4.57201	1.67622
-2.86595	-3.57529
-4.64765	3.28707
0.897079	-0.581218
0.668275	2.12383
6.3606	-0.693003
-3.04954	3.07789
1.0367	-1.52761
-3.21648	0.23721
-2.47186	-3.06129
-0.714701	-1.70285
0.712737	-2.53422
-2.05759	4.28478
3.04212	-3.38166
-2.52095	5.37439
1.90599	5.72709
6.98664	4.55233
1.84399	1.71281
1.25671	-0.174983
3.69905	0.745648
-0.491581	2.04231
3.93676	-19.681
-20.5552	-1.26717
-4.0806	-6.27848
-11.0806	-1.12889
-0.218244	4.10014
5.1492	-5.73734
-2.3934	-16.2379
-16.1402	-0.44696
4.96534	6.0846
0.845487	-11.2818
-10.0005	-5.94187
-7.2682	0.116896
3.43033	0.340419
4.72306	4.47646
1.65538	4.70632
4.32803	4.50192
2.57556	-15.0325
-16.1525	-4.58321
-8.1741	-14.0053
-13.5928	-2.09101
-0.971978	3.14086
3.31629	0.691469
-4.63322	0.89952
-2.83213	-8.2222
-8.70727	0.175064
-0.391462	-2.14887
-8.76025	-12.0466
-12.128	2.98212
1.66012	5.9447
7.50672	7.09651
8.11384	4.4668
2.75575	1.85016
2.07995	-16.8663
-15.6635	-6.49918
-6.11891	-9.8564
-10.3538	-6.19064
-4.04545	-4.24951
-0.33688	-4.31449
-5.27374	-3.65824
-7.99049	-1.39763
-3.24984	3.58314
-4.46479	1.64899
-1.26952	-2.9658
-2.31093	0.0915301
-0.305763	6.84842
5.74755	4.55591
4.8635	7.54908
6.73239	1.60015
1.98261	-16.664
-17.6929	-4.96048
-4.37834	-9.17646
-9.69821	-8.3084
-6.34743	-6.19045
-11.5373	-13.7577
-14.7259	0.300808
-0.411048	-6.4216
-6.00924	-4.90452
-2.37878	3.03805
4.01348	-8.49134
-8.09288	-5.99698
-2.52958	3.94227
3.18947	4.49682
8.97439	4.16184
1.86857	-3.60107
-3.61908	-18.2096
-19.1155	-5.11696
-3.32869	-6.45629
-6.96867	-1.32685
1.12366	1.91335
3.99034	-12.0337
-11.0977	-12.1784
-12.2749	-4.17736
1.58708	0.100806
0.41868	-0.528193
0.974523	-10.757
-8.17511	1.28527
0.908824	1.83558
2.1487	1.43639
0.427579	2.08998
5.19136	4.58804
5.04624	-19.5159
-20.0654	-4.36974
-6.05424	-6.84142
-10.6746	-1.7471
-1.86524	4.5455
1.97944	-2.58436
-7.44825	-8.97461
-6.15503	-1.59749
2.16244	1.73872
3.36103	4.18966
3.98289	-12.2482
-14.1525	-6.96281
-7.20518	-2.89002
-4.18497	3.85241
-0.187146	0.68922
3.06127	1.6349
0.527858	-15.1154
-15.9429	-4.34694
-5.95186	-9.15768
-7.94473	3.9952
-1.77433	4.19801
4.40025	4.215
-1.54059	-1.74185
-8.35604	-0.727412
-7.43582	2.35008
1.7134	-2.63354
-4.52062	-11.3187
-5.66999	-0.106482
-3.72963	2.35281
-0.892703	5.17094
0.764387	6.22027
6.4869	8.74052
7.54201	-14.5229
-13.5463	-5.97493
-3.52405	-9.8743
-10.4346	-5.19856
-2.05209	-0.39699
1.58705	-8.67356
-3.24626	0.352212
-2.35956	0.608237
3.90217	3.88658
4.94707	0.0723414
-1.4654	-1.87818
-0.671574	-5.59639
-5.27522	0.0528161
-1.38603	-1.61954
1.00163	7.43763
3.80604	1.23007
2.58363	-17.6323
-15.8439	-1.21598
-1.90035	-10.8871
-10.2222	3.31524
4.24171	-7.80745
-7.02946	-6.09884
-7.9932	-16.2509
-14.9916	-3.805
-0.303083	6.48705
3.67706	7.08341
5.32895	-4.03489
-3.30577	-1.9131
-1.80842	-6.59074
-5.4626	-3.91214
-1.97281	0.094482
-0.99893	-2.92195
-1.18339	-15.7423
-15.9764	-2.96844
-3.64679	-9.2501
-12.7514	-2.9834
-3.49095	-8.37601
-6.37638	-7.46675
-6.79261	-9.03814
-8.12441	0.613592
3.04696	-2.18132
-5.54781	-0.287291
-0.24432	-3.18675
-6.11137	-0.928876
4.43558	4.82725
5.35901	-0.59158
1.09646	4.38934
3.60299	1.91974
5.75	-19.1797
-19.1454	-8.76233
-9.19097	-6.14298
-4.58281	-0.35656
-1.8119	-7.72971
-6.74893	-5.30295
-1.64504	2.92552
4.78843	0.118569
0.720394	-1.81645
0.425828	2.51219
5.39171	-1.81536
2.73237	5.764
6.61083	3.18423
2.36784	1.32184
3.1091	-2.78541
-0.990018	-0.237975
0.336161	-21.7085
-22.3194	-4.4889
-3.82859	-6.4647
-6.37147	-5.05126
-6.65447	-6.67269
-7.58298	-9.43072
-7.76941	1.29851
1.75485	-3.13479
-3.91969	0.891777
0.976544	1.58536
1.87104	-5.88659
-0.765732	-2.26224
-1.26051	-3.51559
-2.48373	4.43233
0.725087	1.21037
2.47566	-0.433732
3.74951	-16.7587
-17.962	-6.09741
-6.21522	-4.43828
-6.32009	-4.11531
-3.52175	-9.88693
-9.65356	-14.3173
-14.6769	-11.5665
-12.011	-1.64379
-0.949548	2.10818
-0.0177824	3.66725
1.03854	-17.9886
-14.3552	-12.8134
-10.3558	-2.25305
-3.85814	8.79071
12.2196	9.1379
6.29252	6.79917
4.63148	-18.4719
-17.3196	-4.51103
-4.15982	-6.72077
-5.95209	-0.518116
0.957507	-1.2022
-1.68594	-8.32035
-11.4652	-15.6902
-14.2061	-2.29603
-2.15009	5.82138
4.48307	3.44408
0.111395	-5.71195
-5.55492	0.156187
-1.64628	0.147253
5.63275	6.77998
4.1422	6.95446
4.429	4.96291
4.84004	-17.1992
-18.6342	-8.07119
-6.58104	-6.41147
-5.25902	-3.73647
-7.74269	-3.92541
-10.7605	-11.5796
-12.5073	0.778819
-1.49302	-2.27852
3.21674	-0.229862
-5.27439	3.25437
-1.31133	-13.1707
-10.6043	-2.55456
-3.02354	0.834745
-2.45464	6.51892
4.34388	13.0658
10.8087	9.36555
10.3292	-13.6109
-13.8496	-4.15913
-1.98008	-9.63079
-10.1945	-2.6767
0.853819	-9.53588
-2.77786	-6.9119
-7.60377	-6.81719
-5.46394	3.33016
6.08242	4.29197
3.57969	1.01199
-2.02028	-8.0564
-10.4743	1.28249
4.07787	1.00532
-4.07908	9.7295
11.9318	4.57568
3.24476	6.74723
8.50543	-18.2164
-17.0068	-4.90363
-3.79949	-5.28682
-7.42371	-9.13451
-9.99332	-0.453402
1.51731	-6.25738
-7.64503	-5.49134
0.906065	-11.9859
-12.8086	-0.16466
0.483291	-13.2272
-7.89212	-6.73626
-6.52956	-8.755
-5.19475	-1.13977
4.00751	4.83338
3.79769	1.71962
4.2802	5.32068
6.76124	-16.5441
-17.5376	-1.73028
-0.877451	-6.32407
-5.84905	1.97276
2.67551	-3.15417
-3.81905	-5.0763
-4.30363	-11.4283
-8.10029	-7.834
-3.82334	5.94026
4.43116	4.47934
0.33136	3.24873
-2.24104	-4.76532
-2.96053	-0.221204
-5.90972	-2.97076
-0.930647	-2.19081
-1.03163	3.84864
3.78795	-16.0314
-16.4948	-4.92897
-2.96723	-5.43059
-2.73918	-6.65545
-6.27304	-7.94511
-3.38062	-4.55016
-7.11777	-6.68646
-14.3071	-4.8662
-7.03194	3.42235
0.414264	-5.7555
-4.77334	-3.20837
-6.28416	-2.74355
-0.695491	-2.47913
-1.1562	-3.9371
-5.4774	3.07035
6.32013	6.72263
5.66906	-17.4112
-16.9825	-5.59015
-5.28601	-6.28786
-7.35061	-0.0805994
-2.78217	2.19243
0.923962	-7.97603
-6.21946	-8.57525
-9.1978	4.45687
9.04425	4.58121
4.64956	3.62528
3.7821	-0.0448737
-3.78569	2.69956
0.395455	1.77533
5.97393	3.83636
2.81892	-0.644407
2.986	-1.26496
0.334746	-19.0958
-19.8976	0.000513162
-2.5302	-8.03989
-7.55874	0.320896
0.91899	6.11366
1.36408	-0.783929
-1.19832	-0.606588
1.33829	1.89895
-0.0901304	1.86421
-2.18379	2.09979
6.65017	3.20367
3.89592	4.31258
2.84506	-0.940838
1.50145	-3.5039
-4.62336	1.55144
0.541798	1.30539
1.82997	0.456643
-3.04027	4.4639
3.60172	1.15399
-6.15773	-4.10524
-3.33463	4.54284
8.26283	4.98934
1.68093	1.34564
-5.75223	5.632
8.42999	3.28238
2.52994	3.92638
3.4357	2.01917
2.86512	-18.3266
-18.559	-7.96578
-10.048	-4.21813
-6.03781	-2.2038
0.241124	-3.24038
-0.917778	-9.12148
-3.36969	-12.0658
-10.4853	-3.3711
-2.91332	-7.69619
-8.14144	-7.63403
-6.16399	-3.16033
-6.89909	-0.248568
0.976806	1.64503
3.59847	-3.19806
-1.03017	1.56351
1.40827	6.52563
6.56438	-17.2129
-17.1808	-1.3477
-1.51238	-13.0749
-11.394	-5.07438
-5.41412	-2.32092
-2.68501	-7.22406
-5.07034	-12.5258
-13.7396	-9.20563
-11.8872	-5.92171
-1.25217	-0.583671
1.54379	1.9783
-2.01325	-10.5327
-6.65939	3.81628
2.44121	11.0531
11.0568	8.42212
8.76134	7.57047
7.31357	-15.3229
-15.3121	-5.00547
-4.46109	-7.38986
-8.36541	-9.42458
-9.09322	-4.34464
-4.97732	-9.71933
-12.5254	-3.21275
-2.43341	-10.4798
-7.18759	-1.47811
-2.74539	-12.3227
-13.2365	1.19234
3.15195	4.00904
-0.653746	8.3986
7.50817	1.35647
1.81091	3.49317
4.30523	-0.777613
0.236699	-15.7426
-15.4242	-8.69194
-6.3311	-8.33751
-9.25425	-7.26442
-7.15177	-3.22506
-2.48572	-0.198438
-4.38848	1.0496
3.02649	4.89176
1.43736	-0.0516469
5.2015	-1.01534
-2.21749	-0.56713
1.98037	6.20162
4.42906	3.42818
1.73747	2.31014
4.47058	3.38331
5.29125	1.53834
4.74264	-14.7297
-15.1996	-6.44473
-5.55084	-9.09844
-9.0693	-13.5243
-12.2499	-7.71566
-10.6956	-3.55766
-5.64733	4.3501
7.12901	5.65288
8.68388	3.51297
3.81819	-2.42729
-1.62604	5.80895
6.72783	11.0487
5.14331	-0.210018
1.83759	6.39208
7.72587	6.4846
4.07939	2.54986
1.77825	-16.1588
-17.2935	-7.61421
-6.55995	-5.32871
-3.24627	2.00873
-4.46347	-4.27747
-4.60821	-1.33202
-2.92476	3.50358
3.01436	-2.37762
-7.09806	-5.1701
-6.97972	-1.41218
-4.50644	-4.41795
-3.41786	-2.97743
-2.44064	-1.32827
-0.258629	4.8611
-2.52981	-0.135432
2.12019	6.72062
7.32593	-17.4329
-18.8241	-1.22401
-1.93681	-3.30092
-5.81554	0.924672
-2.34591	3.66838
3.00246	0.312106
-0.925132	-6.18439
-11.4099	-5.64102
-8.44313	0.971875
3.78438	0.488081
-0.881551	-4.95497
-7.85921	-6.62025
-9.20544	-1.75666
-6.70931	4.41487
4.6764	12.1485
10.1014	8.63562
9.77818	-15.7004
-15.5735	-4.98423
-5.04025	-9.37307
-9.76975	-6.82099
-4.83548	-1.28972
-3.20675	-6.62063
-4.51738	-7.13146
-5.99989	-2.511
2.47426	-0.421862
-2.64069	-1.63908
0.921716	-0.481522
0.0292069	-3.48375
-0.710308	5.9496
7.64906	2.56652
2.11711	-3.87186
2.95252	2.91519
6.74147	-15.9805
-16.5586	-5.03268
-1.91576	-3.4938
-4.51824	-3.4247
-4.03488	-12.5291
-8.96233	-10.128
-9.20398	-7.86169
-6.86398	-3.63953
-11.1417	-3.02168
3.4597	3.98044
2.35395	-2.95972
0.405009	-0.828121
0.529858	0.636035
3.29023	0.291677
0.904463	-1.7435
1.5361	2.71186
0.697155	-20.125
-18.3682	2.18769
-0.278782	-9.27775
-10.9621	-5.2504
-4.94297	-2.7937
-2.8274	-6.26214
-8.01008	-3.56307
-1.66012	-7.90745
-5.16227	5.34903
2.17639	-1.60528
-0.636793	-11.439
-6.25613	-5.44873
-11.0205	-6.53025
-4.39242	4.13065
0.0749973	2.93087
3.70879	3.33409
3.61574	-18.4609
-20.437	-4.81011
-3.49003	-0.815151
-2.06057	-4.14707
-2.87128	-3.19052
-3.94218	-11.746
-8.73962	3.87239
1.20494	-6.1899
-1.68341	2.66233
5.16978	-1.39626
-0.744883	-3.11291
-6.16064	-3.22234
-3.14225	3.47793
2.58239	-3.08657
-0.912933	1.14325
-1.28626	-0.53481
-1.18139	-16.1008
-16.7129	-1.03817
2.34928	-3.54087
-3.65218	-2.24921
-4.39537	-5.08965
-6.02439	-3.66031
-6.93286	-3.16749
-6.52714	-3.20549
-1.62452	-1.98216
-1.65283	-3.38782
-1.95146	-13.0491
-14.2949	-0.416359
-2.84789	7.65833
4.93019	4.64271
5.04255	6.95221
6.02062	5.86494
5.23952	-18.1498
-17.0344	-4.18126
-4.96877	-4.34762
-4.29245	-5.19269
-2.15934	-7.69665
-5.53302	-17.8718
-17.3298	-9.05687
-9.80208	-3.31425
-9.54604	1.16179
1.03629	-1.60807
4.5496	-2.57306
-1.71781	4.45194
6.80294	2.91047
4.09475	1.77012
2.93767	1.71798
0.772389	2.40385
1.93336	-16.4474
-17.8357	-4.42022
-7.57429	-7.58145
-9.43096	-4.60833
-3.97445	-5.2868
-4.17849	-11.0132
-7.80254	-5.78254
-2.16424	-1.76356
-2.69883	-4.31359
-5.25591	-5.0929
-4.49641	-6.66267
-6.58041	4.0918
5.74004	4.24057
5.21641	3.57455
7.37437	5.26835
8.76813	4.49309
10.5924	-14.7069
-15.453	-5.20238
-5.54726	-9.74584
-9.16517	-9.75747
-10.0628	-3.60852
-0.505111	0.401699
-7.80832	-10.7892
-19.3735	-4.34326
-4.00499	-1.74737
-7.52255	-2.70544
2.28077	-4.16597
-6.28558	-0.566952
-8.35878	-0.520299
0.516257	4.61528
5.75621	3.78756
2.04739	-0.944463
-0.339734	-14.1122
-15.3355	-3.92729
-4.41169	-6.60165
-6.1757	-4.57029
-2.32522	2.25065
1.20583	-5.08748
-9.33645	-11.1277
-9.56687	-1.88843
-8.0929	-1.58328
-0.937933	0.00517916
1.1744	0.441997
-2.94221	-4.83153
-1.89059	2.43715
-0.315401	-3.87487
-7.09567	-1.04356
2.27522	3.8749
3.47787	-18.5237
-20.4102	-3.18517
-2.04216	-6.91812
-8.78021	2.13535
0.0730844	-2.15358
0.51619	-2.43742
-5.05313	-14.7689
-15.1266	-5.07931
-5.90597	0.195489
-0.511182	-0.408914
0.71761	-12.0553
-4.52901	-15.1697
-15.6114	-9.07295
-10.0646	5.07635
4.7641	11.6135
9.89912	4.89816
7.14799	-14.3883
-14.6993	-1.69431
-1.80545	-10.2318
-9.94379	-4.06017
-1.08371	-3.87865
-6.75768	-0.941042
1.47281	-0.767132
-8.7554	-1.87619
-2.17612	6.26187
3.97113	-1.29819
-0.103041	2.22811
-3.12764	4.27745
1.70556	10.4082
10.2578	7.14193
9.09783	6.38662
7.83375	5.61034
5.49902	-19.4415
-19.3398	-6.52497
-3.42532	-4.80518
-4.89651	-1.0205
-0.291052	-5.24791
-9.97566	-12.2265
-10.8332	-9.91051
-6.40176	-1.69647
-2.00444	5.48103
7.28038	-2.53289
-3.34383	-15.7678
-17.4535	-9.02216
-8.27113	-2.29107
-1.06537	1.36079
0.819905	3.45963
0.823954	-4.27071
-4.07373	-18.399
-19.976	-4.15125
0.251389	-8.69238
-4.06914	0.122729
-0.915871	-8.67642
-8.6878	-10.6545
-9.18436	-0.256434
-1.42159	-6.44327
-6.52045	-0.537276
0.925162	-1.95015
-6.37155	-9.86462
-10.6184	-2.89115
-5.05064	-2.58645
-5.04048	6.85496
5.93762	9.85518
4.08134	7.21055
7.06224	-15.3239
-16.3312	-7.61065
-7.03256	-5.5035
-3.54259	-2.6077
-0.229074	-3.68032
-5.2484	-16.3639
-15.5054	-9.2385
-6.41335	-4.09598
-7.18432	-5.86951
-5.66459	-8.08464
-4.98781	-3.6728
-9.73087	-5.52357
-10.6522	-9.22592
-3.18201	7.09431
4.6472	5.61782
5.81032	5.88902
3.64135	-14.0415
-15.5067	-7.97073
-5.66141	-9.83418
-11.7207	-4.84276
-3.38301	-2.18603
1.90586	-7.21791
-7.21949	-10.6031
-12.196	-3.18994
-0.294024	-1.57171
0.099965	-2.02928
-10.1712	-3.35289
-1.73854	-4.95268
-1.56531	1.82262
2.56363	14.5163
12.6736	10.3893
6.94329	0.976962
1.6608	-18.1611
-18.6026	-7.22991
-7.17673	-5.6671
-2.91277	-3.42777
-5.65292	-4.54303
-3.22136	-4.56724
-9.43069	-7.49415
-12.2502	2.86922
-1.75857	3.12219
4.09694	-0.156241
2.54394	-8.29625
-11.0067	-10.4677
-8.22817	-5.12498
-3.76831	3.27131
3.88704	6.86441
7.30375	5.50062
3.88487	-16.1539
-15.9651	-5.70752
-4.39521	-11.9069
-13.6125	-10.7668
-8.52125	-0.92651
-2.66754	-10.2925
-6.1583	-4.56008
-6.14568	-2.764
-1.01201	1.17132
0.572286	2.86453
3.67923	-3.5711
3.40118	-8.05583
-8.3979	5.18201
5.17658	4.52487
3.97114	5.20251
2.10024	4.30974
1.066	-19.1461
-18.7	-8.78691
-7.50325	-2.6704
-0.697458	5.0949
3.75183	-4.32476
-3.20218	-3.9324
-2.52989	-0.087857
-1.84477	1.51747
5.56785	6.1698
5.27154	8.56682
2.9829	-1.76236
-6.75325	-3.95428
-8.75752	0.664124
-0.811032	3.13514
2.78485	3.18589
4.69503	5.20057
5.91142	-13.2964
-12.9769	-3.75411
-2.1423	-10.1711
-12.5395	-3.49187
-1.16814	-7.69376
-7.42024	-6.62868
-5.42722	-8.55265
-10.5741	-9.29661
-5.4617	3.89704
-5.699	-6.73448
-0.666686	-11.2327
-12.7897	-0.90127
-1.89937	-0.745067
-0.653999	-3.04892
3.00804	1.97423
2.20007	1.55381
-0.252696	-17.1305
-18.0432	-5.20359
-4.66785	-6.06961
-8.72143	-0.0588684
-2.96592	-1.94483
-3.42947	-3.32661
-4.68271	-3.82254
-9.59886	1.85036
-8.42989	-1.21624
0.613845	2.44346
3.67801	3.72665
10.6254	0.0200075
4.92108	1.8379
1.47218	3.34647
2.66325	3.33108
1.17882	-0.539387
1.01379	-20.108
-20.6286	-3.83878
-3.48085	-10.4433
-9.09578	2.70852
1.78125	-1.68508
-0.0149209	-2.53667
-5.46963	4.29022
2.02441	2.10978
6.46931	8.68896
5.06609	5.52236
4.3409	4.07967
1.83204	3.31435
4.11848	7.66607
7.43102	4.23808
0.894529	-0.241319
1.06979	3.46251
6.02813	-18.9501
-19.8651	-1.20961
0.725721	-3.53944
-6.09332	-2.83815
-0.41781	-3.49049
-4.78744	2.77212
3.63529	-1.69155